299
299
299
299
299
300
301
301
302
301
302
302
303
304
303
303
303
301
301
301
301
301
299
300
300
301
300
301
301
301
301
301
301
301
301
301
301
302
304
305
305
307
309
313
317
321
322
325
327
329
329
330
330
331
335
339
343
345
347
349
349
349
347
345
345
345
347
348
350
350
350
348
346
343
341
340
338
337
336
334
333
331
329
326
324
324
322
322
322
323
323
325
326
327
328
329
331
331
330
331
331
331
331
333
334
335
335
335
334
335
336
339
345
356
371
390
415
450
495
552
619
698
783
864
925
958
958
921
859
775
675
564
452
356
283
235
206
194
187
182
180
182
189
200
216
236
258
276
291
305
315
322
328
332
336
339
341
342
344
344
344
346
346
347
348
350
352
354
355
356
358
360
361
362
363
364
366
368
369
370
371
372
373
373
374
375
376
379
382
385
387
389
391
392
395
396
399
401
404
405
407
408
410
413
415
418
421
425
428
432
435
437
441
444
447
450
453
455
459
462
465
468
470
472
475
477
481
483
486
487
489
490
492
493
494
494
494
493
491
489
486
483
480
478
475
472
469
464
458
452
445
438
429
421
414
407
399
392
383
376
368
361
354
348
342
338
333
329
324
320
316
312
311
309
307
305
304
302
302
301
302
302
301
300
301
300
300
301
301
302
301
301
302
303
304
304
304
305
305
305
305
306
307
308
310
311
312
313
315
316
316
316
316
316
314
314
315
316
318
319
320
320
321
322
322
323
324
325
326
325
325
326
326
326
326
326
327
327
328
328
329
328
328
328
328
328
329
330
330
330
330
330
329
329
329
329
329
330
330
331
331
332
332
333
333
334
335
336
338
339
339
339
340
341
342
343
345
347
349
351
353
353
354
355
356
357
358
360
363
367
370
370
371
371
370
370
370
369
368
369
370
370
370
369
368
366
364
361
359
356
354
352
348
344
340
338
336
334
333
332
331
330
329
328
328
328
327
328
328
328
329
328
329
330
330
330
331
331
331
332
331
330
328
327
327
328
331
340
353
370
393
426
471
527
594
671
754
838
902
941
948
919
863
786
694
588
477
375
293
234
197
176
164
157
157
162
171
187
205
225
245
264
281
294
304
313
317
320
322
324
325
325
327
329
330
333
335
337
338
339
340
340
341
342
343
345
346
347
349
349
350
351
351
353
354
356
358
360
360
362
362
363
364
365
367
368
370
371
373
374
376
377
379
380
382
385
387
390
393
396
399
401
403
406
409
411
414
417
421
424
427
431
435
438
442
446
449
452
455
457
459
462
464
466
468
470
471
472
473
474
475
476
476
475
474
472
471
468
465
462
458
454
450
445
438
433
425
419
412
405
398
390
382
374
366
360
353
346
339
333
329
324
318
313
309
307
304
303
302
301
299
297
295
294
293
293
292
292
291
290
288
288
288
288
288
287
288
288
289
290
290
289
290
291
290
290
290
290
290
290
290
291
293
294
294
294
295
295
296
296
295
294
295
295
295
295
296
298
298
299
300
300
301
302
303
304
305
306
306
306
307
308
307
307
306
306
307
307
308
309
311
311
311
312
312
313
313
314
314
313
312
311
310
308
308
309
309
311
311
311
311
311
310
310
309
309
308
308
308
309
309
308
309
310
311
311
312
311
311
314
317
321
324
326
328
330
330
330
330
329
329
331
335
338
340
341
342
342
343
342
340
338
338
338
340
341
341
340
339
338
335
332
330
328
328
328
326
324
322
319
318
315
314
312
312
312
311
313
313
314
314
316
315
317
318
320
321
322
323
323
324
323
324
324
325
324
325
324
326
330
336
348
363
382
410
447
497
558
630
709
795
871
925
948
937
894
826
740
643
534
424
331
261
212
183
165
156
152
155
165
178
196
215
235
254
270
284
294
301
306
310
313
314
315
317
319
319
319
319
320
321
322
323
325
327
328
330
333
334
335
337
339
341
342
344
347
348
350
351
352
353
354
355
355
358
360
362
364
367
369
372
374
377
379
382
387
391
396
400
404
408
411
414
417
421
424
428
432
436
439
442
445
448
450
453
457
460
464
468
471
473
477
479
481
483
485
486
487
488
488
489
489
489
490
490
489
488
488
487
485
483
480
477
473
470
465
461
457
452
445
438
431
424
415
407
399
392
387
380
374
368
363
357
352
346
341
336
332
328
324
321
319
317
314
313
312
311
309
307
307
306
306
306
305
306
306
306
306
308
308
309
310
309
310
308
309
309
309
310
311
312
314
314
314
314
315
317
317
317
318
318
317
316
317
317
318
318
320
320
321
320
319
319
319
319
318
318
318
318
319
320
320
320
321
321
322
322
323
324
324
326
327
326
326
326
326
326
326
326
325
325
324
324
324
325
326
327
327
328
328
327
327
325
325
323
323
323
324
324
324
324
324
323
324
325
326
327
327
326
324
323
323
324
325
325
325
324
325
324
323
322
321
320
320
321
322
324
324
324
324
324
323
323
324
324
324
324
323
324
324
324
324
324
325
325
326
327
328
327
326
326
326
327
329
331
334
339
341
344
347
347
347
346
345
345
344
346
349
354
355
356
355
354
352
351
349
348
348
349
351
351
352
350
348
345
342
340
337
335
332
329
327
324
322
320
318
316
316
314
313
312
311
311
311
312
313
313
314
315
314
314
314
314
314
315
315
317
317
316
315
314
314
314
314
319
328
342
360
383
417
460
516
582
658
738
820
883
917
918
886
828
749
660
557
451
355
280
226
192
173
163
156
155
159
170
185
202
220
238
254
268
280
288
294
298
301
304
305
308
309
312
312
314
314
315
316
317
318
320
322
323
325
326
327
328
328
330
333
334
336
338
338
339
340
342
343
345
346
347
349
351
352
354
356
358
359
361
363
364
367
369
371
373
375
376
378
380
384
386
389
391
393
396
398
401
403
407
411
415
418
420
422
425
427
429
432
434
437
439
442
444
446
449
452
454
456
457
457
456
455
454
454
454
452
452
451
450
448
446
443
438
433
427
422
415
409
403
396
389
381
374
366
361
356
349
344
339
333
329
324
319
315
311
306
303
300
298
298
296
294
293
292
290
288
287
286
287
287
289
290
291
291
290
291
291
292
293
294
296
297
296
297
297
297
296
297
298
299
300
300
301
302
301
302
303
303
304
304
306
306
308
307
307
306
307
307
308
309
309
310
310
311
312
312
311
312
312
312
312
313
314
315
315
315
316
315
315
316
317
317
318
318
318
317
318
318
318
318
317
316
315
315
315
316
318
321
323
324
326
327
328
330
331
332
334
336
338
339
341
343
344
345
346
346
346
348
348
350
351
352
354
355
356
359
358
359
360
361
362
363
363
365
366
366
368
368
369
369
370
371
371
373
374
376
377
377
378
378
378
378
378
378
379
378
378
379
381
382
384
386
387
387
387
385
384
383
383
383
384
383
384
385
385
386
388
388
389
390
391
393
396
399
403
404
405
405
406
405
405
405
406
408
411
414
417
418
418
417
417
416
414
412
411
412
413
414
414
414
413
411
409
406
404
402
399
397
395
393
390
388
386
385
383
381
380
380
381
381
382
382
385
386
387
388
389
389
390
390
391
392
393
393
394
394
393
393
393
395
399
406
418
433
453
481
518
568
630
702
788
874
947
992
994
991
959
899
818
713
602
494
404
337
293
266
251
242
237
238
243
253
268
286
304
320
336
348
359
366
373
377
380
381
383
385
387
389
390
392
393
394
394
394
395
395
395
395
396
397
399
400
400
400
402
402
404
406
407
408
409
410
412
413
414
415
415
416
416
416
417
418
420
422
424
426
429
431
433
435
437
440
442
443
444
446
449
451
454
457
459
462
465
467
470
473
475
478
481
483
485
487
489
492
494
496
498
502
504
507
509
510
512
513
513
512
511
509
507
505
504
503
501
499
497
493
490
486
481
476
470
463
456
449
441
434
427
421
415
410
403
397
389
381
374
368
363
359
356
352
348
345
341
338
336
334
332
332
331
330
329
328
328
328
328
326
327
328
328
328
328
328
328
327
327
328
328
328
329
329
330
330
332
333
336
337
337
338
338
338
339
339
339
338
339
340
341
342
343
345
345
345
344
341
340
339
339
340
340
342
344
346
346
346
344
343
342
341
341
341
340
341
341
342
344
345
345
344
343
343
342
343
342
342
341
341
341
342
344
345
346
346
345
345
344
344
342
341
339
337
337
337
338
339
341
343
344
345
344
343
341
338
336
335
335
336
336
338
340
343
344
346
347
347
347
348
347
346
346
346
346
346
346
345
346
347
348
349
350
351
352
352
351
351
350
349
350
351
353
353
354
352
352
351
351
351
352
353
355
358
361
362
364
365
366
366
365
365
367
369
373
374
375
376
373
371
368
366
366
366
366
369
371
372
371
369
366
365
363
362
361
359
356
353
349
344
341
338
337
337
337
337
336
337
337
338
338
338
339
339
339
339
339
340
342
343
344
345
345
344
344
345
345
345
345
347
352
361
376
392
414
442
481
532
593
666
748
832
902
947
958
932
878
801
705
598
485
382
304
248
215
198
191
185
180
177
177
184
195
210
228
247
264
278
290
298
305
310
313
316
319
321
322
323
323
323
324
325
327
328
330
331
331
332
333
334
335
337
339
340
340
340
340
340
341
342
344
345
346
346
347
348
349
349
350
351
352
354
356
358
360
360
362
364
366
367
370
372
374
376
378
381
383
386
388
390
392
393
395
399
403
407
411
415
418
420
422
425
428
431
433
435
436
437
437
438
439
440
442
443
444
446
446
447
447
447
447
446
444
442
439
435
431
425
420
414
408
402
395
389
382
376
369
363
357
350
344
338
332
328
323
318
312
307
302
299
295
292
289
287
285
284
282
282
281
280
278
278
278
278
278
278
279
280
281
281
282
284
285
287
288
288
289
290
290
291
291
291
292
293
294
294
295
294
296
298
299
302
303
304
304
305
303
302
302
301
302
304
306
308
310
311
311
312
314
314
314
314
314
315
316
318
319
320
321
323
324
325
327
327
328
327
327
329
329
330
330
330
331
332
333
335
337
337
338
337
336
335
335
337
337
339
340
340
340
339
341
342
342
343
344
345
345
345
345
346
346
347
348
349
350
352
352
352
351
351
351
353
354
356
358
360
361
363
365
367
369
370
371
372
372
374
376
380
383
386
387
387
388
388
387
387
387
387
387
389
389
389
389
389
389
388
387
385
382
380
378
376
374
372
370
369
368
367
367
367
367
367
368
369
370
371
372
372
371
370
369
367
367
369
370
371
372
373
374
374
376
376
377
381
389
402
418
438
465
502
550
611
683
764
852
929
986
993
989
951
885
796
686
571
462
372
308
268
246
236
232
228
226
227
233
246
263
281
298
316
332
346
357
365
370
374
376
378
379
381
383
386
390
392
394
396
397
398
400
400
401
402
404
405
406
406
407
408
410
410
410
409
409
410
411
412
412
413
414
414
414
414
415
416
418
420
421
422
424
424
425
426
427
429
432
434
436
437
438
439
439
441
443
446
450
453
457
460
462
464
465
467
469
471
474
475
477
480
482
484
485
486
486
488
489
490
490
490
490
488
485
483
482
479
477
474
471
467
462
457
453
448
443
437
431
424
419
411
404
396
389
381
374
366
360
354
349
345
341
336
333
329
326
324
322
319
316
314
312
310
309
310
310
311
312
313
313
315
315
315
315
314
315
316
317
319
320
321
321
321
322
323
324
324
325
325
326
328
330
331
333
333
334
334
335
336
336
336
337
337
338
338
339
339
340
341
341
341
342
343
344
345
346
346
346
346
346
346
345
345
345
344
343
343
343
344
343
343
344
344
345
346
346
345
344
342
341
340
339
338
338
337
338
337
337
337
336
334
333
333
332
332
333
333
333
332
331
330
329
328
330
330
331
334
337
340
341
342
340
340
340
340
340
341
343
346
350
354
356
356
355
354
352
350
348
348
348
349
351
352
351
350
349
348
346
343
341
339
336
333
329
327
324
323
324
325
325
325
325
325
326
326
326
328
330
332
333
335
335
336
337
338
338
339
341
342
344
345
346
348
348
349
351
359
371
388
409
437
477
528
591
664
746
834
909
963
986
975
931
864
777
673
560
452
360
291
244
217
202
192
188
189
195
209
224
243
263
280
295
308
318
328
334
338
342
345
349
350
352
353
354
356
357
359
361
362
362
362
362
363
365
369
370
370
372
372
372
372
373
374
375
376
378
379
381
382
383
385
387
389
391
393
395
398
400
403
404
406
408
410
413
416
419
421
423
425
428
431
434
437
440
444
448
451
454
457
460
463
467
469
472
476
480
484
487
490
491
493
494
496
498
499
500
500
500
499
498
496
493
492
489
487
485
483
479
474
470
464
459
453
447
441
434
427
420
412
405
399
392
383
376
367
361
355
351
347
344
340
337
334
332
329
328
326
324
323
322
319
317
318
319
319
318
319
319
318
318
316
316
317
317
317
323
323
324
324
325
325
326
327
328
328
329
329
328
328
330
331
332
334
336
337
337
338
337
337
337
337
338
339
339
340
340
340
339
339
339
341
342
342
343
344
345
345
345
345
345
345
345
345
345
345
344
344
342
341
341
340
342
344
344
344
343
343
342
342
343
342
342
342
341
340
339
338
339
339
340
341
342
344
344
346
347
348
350
353
355
358
360
361
361
362
362
365
366
368
369
369
370
370
370
369
369
369
370
371
372
372
372
370
369
367
365
363
361
358
355
352
349
348
346
345
343
342
340
339
339
339
339
339
340
340
342
343
344
345
345
345
346
346
345
344
344
345
346
346
346
346
346
346
348
352
360
374
391
413
443
485
539
604
680
764
848
917
961
973
948
896
822
729
625
515
414
332
273
234
213
200
192
187
189
197
209
226
244
264
281
297
310
320
327
332
335
339
340
340
341
342
343
344
345
346
347
348
350
352
354
356
357
359
360
361
362
363
364
364
364
365
365
367
369
370
370
371
372
372
374
375
377
379
380
381
382
384
385
387
389
391
394
396
397
398
400
403
404
406
408
412
415
419
423
425
428
430
434
437
440
443
446
449
452
456
459
463
466
468
470
471
472
474
475
476
478
478
478
478
478
478
478
477
476
474
472
469
466
462
458
454
448
443
437
430
423
416
409
401
394
387
379
372
366
360
354
347
342
337
332
326
322
319
318
316
314
311
308
305
303
302
303
303
302
303
304
304
303
303
304
304
306
306
307
308
310
311
312
312
313
314
314
315
316
316
318
319
320
321
322
322
323
323
324
325
325
325
326
325
325
326
327
328
328
329
329
329
330
331
331
332
332
333
334
335
335
334
334
335
335
335
334
335
335
336
337
337
337
337
337
338
339
339
339
339
340
340
340
341
341
342
343
343
344
345
345
344
342
342
341
342
342
344
344
345
345
346
346
346
348
349
351
354
358
362
366
369
373
375
378
381
384
387
390
394
397
401
407
412
416
420
423
425
427
429
430
432
435
438
443
446
449
451
453
454
454
454
454
453
452
452
453
453
453
453
453
453
452
451
450
449
449
447
444
440
436
433
431
430
430
430
430
431
431
432
432
432
433
434
435
436
437
437
437
437
438
438
439
438
439
440
440
441
442
442
446
454
465
481
500
526
560
607
666
736
822
907
984
995
995
995
994
974
911
816
695
580
481
405
351
319
301
290
283
281
284
294
309
326
346
364
380
395
406
415
421
425
429
431
432
434
435
435
436
437
438
439
440
440
442
444
445
447
449
450
452
454
456
457
458
460
461
462
463
464
465
466
466
466
467
468
471
472
474
476
478
479
481
483
485
486
488
491
493
495
498
500
502
504
505
507
510
512
514
517
520
523
526
529
532
534
537
539
542
545
548
550
553
555
558
560
562
563
565
566
568
569
568
568
569
568
568
569
568
568
566
564
561
559
555
552
548
545
540
535
529
522
516
508
502
494
486
479
472
465
457
450
443
436
430
425
419
415
410
406
402
398
395
392
389
388
387
387
386
386
385
385
386
386
386
386
386
387
387
387
386
386
386
386
386
386
388
388
389
389
389
388
387
387
387
387
387
387
388
388
389
389
388
388
387
387
387
387
386
387
385
385
385
385
386
386
388
389
388
387
386
384
383
382
382
382
382
383
383
383
383
382
382
381
380
379
379
379
379
378
377
376
376
375
374
374
373
373
372
373
372
370
369
368
368
366
364
363
363
363
363
364
363
361
359
359
359
359
359
358
358
356
356
355
355
355
356
358
358
360
359
359
359
358
356
355
355
357
358
360
362
363
364
365
365
365
365
365
367
368
371
374
374
375
375
374
372
370
370
368
367
368
368
369
368
368
366
364
362
359
356
354
352
350
348
345
342
339
337
334
332
329
327
325
324
324
324
325
326
325
325
324
324
324
323
324
324
324
326
326
327
328
328
328
329
330
332
336
342
353
367
387
413
450
498
558
627
707
794
872
925
948
936
891
822
732
632
522
415
327
263
221
199
186
179
173
169
171
180
192
208
225
242
258
272
285
294
301
308
312
314
315
316
317
317
318
319
321
323
325
327
327
328
329
329
329
329
330
331
333
333
334
337
339
340
342
343
345
347
350
352
354
355
357
357
359
360
361
362
363
364
365
368
369
373
375
377
380
383
387
389
391
391
392
393
395
398
402
405
409
412
415
417
418
420
423
425
428
430
432
433
436
438
441
444
445
447
448
450
450
452
452
452
452
451
449
448
448
446
444
442
440
437
434
430
425
421
416
411
405
399
391
385
376
368
362
354
347
342
336
331
326
320
316
312
308
305
302
301
299
296
294
291
290
290
290
290
290
289
289
289
288
288
289
289
289
289
290
291
291
292
292
292
292
293
294
295
297
298
300
300
301
301
301
302
302
304
305
305
307
308
310
310
311
311
311
311
312
313
314
315
315
316
315
316
316
317
318
318
318
318
317
318
317
317
316
317
317
318
319
320
320
319
319
319
319
320
322
324
324
324
323
322
322
321
322
323
324
325
326
327
328
329
330
330
330
330
329
329
328
328
327
328
329
330
331
331
333
333
335
335
337
339
341
344
346
347
348
348
349
349
349
350
352
357
361
364
365
365
365
363
361
360
359
358
359
362
364
365
366
365
364
362
358
357
355
354
353
352
350
348
346
344
341
340
340
339
340
341
341
342
343
343
343
343
343
344
344
346
347
349
350
349
349
350
351
353
355
356
358
361
366
376
390
407
429
460
503
557
622
697
782
865
932
974
982
952
893
812
711
601
490
392
316
266
235
222
216
214
211
211
215
222
237
253
273
291
308
322
333
340
347
352
356
359
362
363
364
366
368
369
371
372
374
375
376
376
377
378
378
379
382
385
387
389
392
395
398
399
400
401
402
403
405
405
406
407
409
412
415
417
420
422
424
426
429
430
432
435
437
440
442
444
445
448
452
456
459
461
463
464
465
466
468
470
473
476
479
483
486
490
493
496
498
499
502
505
508
510
512
513
514
514
513
511
511
511
510
508
507
508
507
507
505
503
500
496
491
486
481
475
470
464
458
452
444
437
429
423
417
410
404
398
393
387
382
376
373
370
366
364
362
360
359
358
356
356
355
354
353
351
351
352
352
353
354
354
356
357
359
360
361
362
362
363
363
364
364
365
366
365
366
368
369
370
371
373
374
374
376
376
377
378
379
380
381
380
380
380
381
381
382
382
383
385
386
388
388
389
389
389
389
389
389
390
390
390
391
392
392
392
392
392
392
392
393
392
392
393
393
395
395
395
396
397
398
398
399
398
396
396
394
394
394
395
395
396
397
399
402
407
410
412
414
417
418
418
418
419
420
422
425
429
431
433
435
435
435
434
433
432
430
430
430
431
432
432
432
431
429
427
425
423
420
418
415
411
409
407
405
403
402
401
400
399
398
398
399
399
399
400
401
401
402
402
402
403
404
404
404
404
406
406
406
407
407
407
408
411
417
428
441
459
484
519
565
622
691
773
861
940
993
994
994
987
936
862
759
642
525
425
348
298
269
253
246
243
242
246
255
269
286
305
323
339
354
366
376
384
389
392
394
396
397
399
402
404
407
408
409
410
410
410
410
411
412
413
414
415
416
418
419
421
422
424
425
426
428
430
431
433
434
435
436
437
437
439
442
445
448
451
453
455
456
456
456
457
460
462
465
467
470
472
474
476
478
483
486
488
491
494
497
500
503
506
509
512
514
516
518
520
523
525
527
529
530
533
533
534
533
533
532
532
532
531
530
530
529
526
522
519
516
512
508
503
499
493
487
480
473
466
457
449
442
435
429
422
416
410
404
398
393
388
383
379
376
373
370
367
365
363
361
359
357
357
356
356
355
355
354
354
353
353
354
354
355
356
357
358
359
359
360
361
362
362
364
364
364
365
366
368
370
372
373
373
373
374
375
376
376
376
376
375
374
373
373
373
374
374
374
374
375
378
379
381
382
381
381
381
381
381
382
382
382
382
382
382
382
383
383
382
381
381
381
381
381
381
380
379
379
380
380
380
380
380
380
380
381
382
382
382
381
380
378
378
378
378
377
376
376
377
378
379
381
382
383
384
385
385
385
384
383
385
386
388
392
394
397
400
402
402
401
401
402
402
403
406
407
411
412
413
412
412
410
409
408
406
405
406
407
409
408
408
406
405
404
401
400
398
396
393
390
387
385
382
381
380
379
379
377
376
375
374
375
375
375
376
376
377
377
378
379
380
380
381
381
381
382
381
381
380
381
381
383
386
392
403
418
437
461
496
542
601
670
749
837
915
979
993
992
973
918
841
741
629
516
417
338
284
250
231
221
217
217
222
234
250
269
289
307
324
337
348
355
362
366
370
372
373
374
374
375
376
377
378
380
383
385
387
388
389
390
391
392
394
396
398
398
397
397
397
399
400
403
405
407
410
411
412
413
414
415
416
418
419
422
425
428
429
430
431
433
434
437
439
441
444
446
447
450
451
452
453
456
458
461
465
469
472
475
478
479
483
485
488
490
492
495
497
499
501
503
506
508
510
509
511
512
513
512
513
512
511
511
509
508
507
506
502
498
494
488
482
475
469
463
456
449
443
437
430
422
415
407
399
392
387
380
374
369
364
360
356
352
349
346
344
341
340
338
337
335
334
332
331
331
331
331
332
331
331
330
329
329
328
329
331
332
332
332
333
333
332
332
332
332
332
333
334
335
335
335
336
335
336
336
337
337
337
337
336
336
336
337
338
339
339
340
341
340
340
340
340
340
339
341
341
343
344
344
343
343
344
344
344
344
344
345
345
346
346
347
346
345
344
343
343
343
342
342
342
341
342
342
342
341
340
341
341
341
340
340
341
341
341
340
342
342
342
344
343
343
344
344
344
345
345
346
345
345
345
347
347
349
350
350
351
352
353
352
352
352
352
299
299
299
299
299
300
301
301
302
301
302
302
303
304
303
303
303
301
301
301
301
301
299
300
300
301
300
301
301
301
301
301
301
301
301
301
301
302
304
305
305
307
309
313
317
321
322
325
327
329
329
330
330
331
335
339
343
345
347
349
349
349
347
345
345
345
347
348
350
350
350
348
346
343
341
340
338
337
336
334
333
331
329
326
324
324
322
322
322
323
323
325
326
327
328
329
331
331
330
331
331
331
331
333
334
335
335
335
334
335
336
339
345
356
371
390
415
450
495
552
619
698
783
864
925
958
958
921
859
775
675
564
452
356
283
235
206
194
187
182
180
182
189
200
216
236
258
276
291
305
315
322
328
332
336
339
341
342
344
344
344
346
346
347
348
350
352
354
355
356
358
360
361
362
363
364
366
368
369
370
371
372
373
373
374
375
376
379
382
385
387
389
391
392
395
396
399
401
404
405
407
408
410
413
415
418
421
425
428
432
435
437
441
444
447
450
453
455
459
462
465
468
470
472
475
477
481
483
486
487
489
490
492
493
494
494
494
493
491
489
486
483
480
478
475
472
469
464
458
452
445
438
429
421
414
407
399
392
383
376
368
361
354
348
342
338
333
329
324
320
316
312
311
309
307
305
304
302
302
301
302
302
301
300
301
300
300
301
301
302
301
301
302
303
304
304
304
305
305
305
305
306
307
308
310
311
312
313
315
316
316
316
316
316
314
314
315
316
318
319
320
320
321
322
322
323
324
325
326
325
325
326
326
326
326
326
327
327
328
328
329
328
328
328
328
328
329
330
330
330
330
330
329
329
329
329
329
330
330
331
331
332
332
333
333
334
335
336
338
339
339
339
340
341
342
343
345
347
349
351
353
353
354
355
356
357
358
360
363
367
370
370
371
371
370
370
370
369
368
369
370
370
370
369
368
366
364
361
359
356
354
352
348
344
340
338
336
334
333
332
331
330
329
328
328
328
327
328
328
328
329
328
329
330
330
330
331
331
331
332
331
330
328
327
327
328
331
340
353
370
393
426
471
527
594
671
754
838
902
941
948
919
863
786
694
588
477
375
293
234
197
176
164
157
157
162
171
187
205
225
245
264
281
294
304
313
317
320
322
324
325
325
327
329
330
333
335
337
338
339
340
340
341
342
343
345
346
347
349
349
350
351
351
353
354
356
358
360
360
362
362
363
364
365
367
368
370
371
373
374
376
377
379
380
382
385
387
390
393
396
399
401
403
406
409
411
414
417
421
424
427
431
435
438
442
446
449
452
455
457
459
462
464
466
468
470
471
472
473
474
475
476
476
475
474
472
471
468
465
462
458
454
450
445
438
433
425
419
412
405
398
390
382
374
366
360
353
346
339
333
329
324
318
313
309
307
304
303
302
301
299
297
295
294
293
293
292
292
291
290
288
288
288
288
288
287
288
288
289
290
290
289
290
291
290
290
290
290
290
290
290
291
293
294
294
294
295
295
296
296
295
294
295
295
295
295
296
298
298
299
300
300
301
302
303
304
305
306
306
306
307
308
307
307
306
306
307
307
308
309
311
311
311
312
312
313
313
314
314
313
312
311
310
308
308
309
309
311
311
311
311
311
310
310
309
309
308
308
308
309
309
308
309
310
311
311
312
311
311
314
317
321
324
326
328
330
330
330
330
329
329
331
335
338
340
341
342
342
343
342
340
338
338
338
340
341
341
340
339
338
335
332
330
328
328
328
326
324
322
319
318
315
314
312
312
312
311
313
313
314
314
316
315
317
318
320
321
322
323
323
324
323
324
324
325
324
325
324
326
330
336
348
363
382
410
447
497
558
630
709
795
871
925
948
937
894
826
740
643
534
424
331
261
212
183
165
156
152
155
165
178
196
215
235
254
270
284
294
301
306
310
313
314
315
317
319
319
319
319
320
321
322
323
325
327
328
330
333
334
335
337
339
341
342
344
347
348
350
351
352
353
354
355
355
358
360
362
364
367
369
372
374
377
379
382
387
391
396
400
404
408
411
414
417
421
424
428
432
436
439
442
445
448
450
453
457
460
464
468
471
473
477
479
481
483
485
486
487
488
488
489
489
489
490
490
489
488
488
487
485
483
480
477
473
470
465
461
457
452
445
438
431
424
415
407
399
392
387
380
374
368
363
357
352
346
341
336
332
328
324
321
319
317
314
313
312
311
309
307
307
306
306
306
305
306
306
306
306
308
308
309
310
309
310
308
309
309
309
310
311
312
314
314
314
314
315
317
317
317
318
318
317
316
317
317
318
318
320
320
321
320
319
319
319
319
318
318
318
318
319
320
320
320
321
321
322
322
323
324
324
326
327
326
326
326
326
326
326
326
325
325
324
324
324
325
326
327
327
328
328
327
327
325
325
323
323
323
324
324
324
324
324
323
324
325
326
327
327
326
324
323
323
324
325
325
325
324
325
324
323
322
321
320
320
321
322
324
324
324
324
324
323
323
324
324
324
324
323
324
324
324
324
324
325
325
326
327
328
327
326
326
326
327
329
331
334
339
341
344
347
347
347
346
345
345
344
346
349
354
355
356
355
354
352
351
349
348
348
349
351
351
352
350
348
345
342
340
337
335
332
329
327
324
322
320
318
316
316
314
313
312
311
311
311
312
313
313
314
315
314
314
314
314
314
315
315
317
317
316
315
314
314
314
314
319
328
342
360
383
417
460
516
582
658
738
820
883
917
918
886
828
749
660
557
451
355
280
226
192
173
163
156
155
159
170
185
202
220
238
254
268
280
288
294
298
301
304
305
308
309
312
312
314
314
315
316
317
318
320
322
323
325
326
327
328
328
330
333
334
336
338
338
339
340
342
343
345
346
347
349
351
352
354
356
358
359
361
363
364
367
369
371
373
375
376
378
380
384
386
389
391
393
396
398
401
403
407
411
415
418
420
422
425
427
429
432
434
437
439
442
444
446
449
452
454
456
457
457
456
455
454
454
454
452
452
451
450
448
446
443
438
433
427
422
415
409
403
396
389
381
374
366
361
356
349
344
339
333
329
324
319
315
311
306
303
300
298
298
296
294
293
292
290
288
287
286
287
287
289
290
291
291
290
291
291
292
293
294
296
297
296
297
297
297
296
297
298
299
300
300
301
302
301
302
303
303
304
304
306
306
308
307
307
306
307
307
308
309
309
310
310
311
312
312
311
312
312
312
312
313
314
315
315
315
316
315
315
316
317
317
318
318
318
317
318
318
318
318
317
316
315
315
315
316
318
321
323
324
326
327
328
330
331
332
334
336
338
339
341
343
344
345
346
346
346
348
348
350
351
352
354
355
356
359
358
359
360
361
362
363
363
365
366
366
368
368
369
369
370
371
371
373
374
376
377
377
378
378
378
378
378
378
379
378
378
379
381
382
384
386
387
387
387
385
384
383
383
383
384
383
384
385
385
386
388
388
389
390
391
393
396
399
403
404
405
405
406
405
405
405
406
408
411
414
417
418
418
417
417
416
414
412
411
412
413
414
414
414
413
411
409
406
404
402
399
397
395
393
390
388
386
385
383
381
380
380
381
381
382
382
385
386
387
388
389
389
390
390
391
392
393
393
394
394
393
393
393
395
399
406
418
433
453
481
518
568
630
702
788
874
947
992
994
991
959
899
818
713
602
494
404
337
293
266
251
242
237
238
243
253
268
286
304
320
336
348
359
366
373
377
380
381
383
385
387
389
390
392
393
394
394
394
395
395
395
395
396
397
399
400
400
400
402
402
404
406
407
408
409
410
412
413
414
415
415
416
416
416
417
418
420
422
424
426
429
431
433
435
437
440
442
443
444
446
449
451
454
457
459
462
465
467
470
473
475
478
481
483
485
487
489
492
494
496
498
502
504
507
509
510
512
513
513
512
511
509
507
505
504
503
501
499
497
493
490
486
481
476
470
463
456
449
441
434
427
421
415
410
403
397
389
381
374
368
363
359
356
352
348
345
341
338
336
334
332
332
331
330
329
328
328
328
328
326
327
328
328
328
328
328
328
327
327
328
328
328
329
329
330
330
332
333
336
337
337
338
338
338
339
339
339
338
339
340
341
342
343
345
345
345
344
341
340
339
339
340
340
342
344
346
346
346
344
343
342
341
341
341
340
341
341
342
344
345
345
344
343
343
342
343
342
342
341
341
341
342
344
345
346
346
345
345
344
344
342
341
339
337
337
337
338
339
341
343
344
345
344
343
341
338
336
335
335
336
336
338
340
343
344
346
347
347
347
348
347
346
346
346
346
346
346
345
346
347
348
349
350
351
352
352
351
351
350
349
350
351
353
353
354
352
352
351
351
351
352
353
355
358
361
362
364
365
366
366
365
365
367
369
373
374
375
376
373
371
368
366
366
366
366
369
371
372
371
369
366
365
363
362
361
359
356
353
349
344
341
338
337
337
337
337
336
337
337
338
338
338
339
339
339
339
339
340
342
343
344
345
345
344
344
345
345
345
345
347
352
361
376
392
414
442
481
532
593
666
748
832
902
947
958
932
878
801
705
598
485
382
304
248
215
198
191
185
180
177
177
184
195
210
228
247
264
278
290
298
305
310
313
316
319
321
322
323
323
323
324
325
327
328
330
331
331
332
333
334
335
337
339
340
340
340
340
340
341
342
344
345
346
346
347
348
349
349
350
351
352
354
356
358
360
360
362
364
366
367
370
372
374
376
378
381
383
386
388
390
392
393
395
399
403
407
411
415
418
420
422
425
428
431
433
435
436
437
437
438
439
440
442
443
444
446
446
447
447
447
447
446
444
442
439
435
431
425
420
414
408
402
395
389
382
376
369
363
357
350
344
338
332
328
323
318
312
307
302
299
295
292
289
287
285
284
282
282
281
280
278
278
278
278
278
278
279
280
281
281
282
284
285
287
288
288
289
290
290
291
291
291
292
293
294
294
295
294
296
298
299
302
303
304
304
305
303
302
302
301
302
304
306
308
310
311
311
312
314
314
314
314
314
315
316
318
319
320
321
323
324
325
327
327
328
327
327
329
329
330
330
330
331
332
333
335
337
337
338
337
336
335
335
337
337
339
340
340
340
339
341
342
342
343
344
345
345
345
345
346
346
347
348
349
350
352
352
352
351
351
351
353
354
356
358
360
361
363
365
367
369
370
371
372
372
374
376
380
383
386
387
387
388
388
387
387
387
387
387
389
389
389
389
389
389
388
387
385
382
380
378
376
374
372
370
369
368
367
367
367
367
367
368
369
370
371
372
372
371
370
369
367
367
369
370
371
372
373
374
374
376
376
377
381
389
402
418
438
465
502
550
611
683
764
852
929
986
993
989
951
885
796
686
571
462
372
308
268
246
236
232
228
226
227
233
246
263
281
298
316
332
346
357
365
370
374
376
378
379
381
383
386
390
392
394
396
397
398
400
400
401
402
404
405
406
406
407
408
410
410
410
409
409
410
411
412
412
413
414
414
414
414
415
416
418
420
421
422
424
424
425
426
427
429
432
434
436
437
438
439
439
441
443
446
450
453
457
460
462
464
465
467
469
471
474
475
477
480
482
484
485
486
486
488
489
490
490
490
490
488
485
483
482
479
477
474
471
467
462
457
453
448
443
437
431
424
419
411
404
396
389
381
374
366
360
354
349
345
341
336
333
329
326
324
322
319
316
314
312
310
309
310
310
311
312
313
313
315
315
315
315
314
315
316
317
319
320
321
321
321
322
323
324
324
325
325
326
328
330
331
333
333
334
334
335
336
336
336
337
337
338
338
339
339
340
341
341
341
342
343
344
345
346
346
346
346
346
346
345
345
345
344
343
343
343
344
343
343
344
344
345
346
346
345
344
342
341
340
339
338
338
337
338
337
337
337
336
334
333
333
332
332
333
333
333
332
331
330
329
328
330
330
331
334
337
340
341
342
340
340
340
340
340
341
343
346
350
354
356
356
355
354
352
350
348
348
348
349
351
352
351
350
349
348
346
343
341
339
336
333
329
327
324
323
324
325
325
325
325
325
326
326
326
328
330
332
333
335
335
336
337
338
338
339
341
342
344
345
346
348
348
349
351
359
371
388
409
437
477
528
591
664
746
834
909
963
986
975
931
864
777
673
560
452
360
291
244
217
202
192
188
189
195
209
224
243
263
280
295
308
318
328
334
338
342
345
349
350
352
353
354
356
357
359
361
362
362
362
362
363
365
369
370
370
372
372
372
372
373
374
375
376
378
379
381
382
383
385
387
389
391
393
395
398
400
403
404
406
408
410
413
416
419
421
423
425
428
431
434
437
440
444
448
451
454
457
460
463
467
469
472
476
480
484
487
490
491
493
494
496
498
499
500
500
500
499
498
496
493
492
489
487
485
483
479
474
470
464
459
453
447
441
434
427
420
412
405
399
392
383
376
367
361
355
351
347
344
340
337
334
332
329
328
326
324
323
322
319
317
318
319
319
318
319
319
318
318
316
316
317
317
317
323
323
324
324
325
325
326
327
328
328
329
329
328
328
330
331
332
334
336
337
337
338
337
337
337
337
338
339
339
340
340
340
339
339
339
341
342
342
343
344
345
345
345
345
345
345
345
345
345
345
344
344
342
341
341
340
342
344
344
344
343
343
342
342
343
342
342
342
341
340
339
338
339
339
340
341
342
344
344
346
347
348
350
353
355
358
360
361
361
362
362
365
366
368
369
369
370
370
370
369
369
369
370
371
372
372
372
370
369
367
365
363
361
358
355
352
349
348
346
345
343
342
340
339
339
339
339
339
340
340
342
343
344
345
345
345
346
346
345
344
344
345
346
346
346
346
346
346
348
352
360
374
391
413
443
485
539
604
680
764
848
917
961
973
948
896
822
729
625
515
414
332
273
234
213
200
192
187
189
197
209
226
244
264
281
297
310
320
327
332
335
339
340
340
341
342
343
344
345
346
347
348
350
352
354
356
357
359
360
361
362
363
364
364
364
365
365
367
369
370
370
371
372
372
374
375
377
379
380
381
382
384
385
387
389
391
394
396
397
398
400
403
404
406
408
412
415
419
423
425
428
430
434
437
440
443
446
449
452
456
459
463
466
468
470
471
472
474
475
476
478
478
478
478
478
478
478
477
476
474
472
469
466
462
458
454
448
443
437
430
423
416
409
401
394
387
379
372
366
360
354
347
342
337
332
326
322
319
318
316
314
311
308
305
303
302
303
303
302
303
304
304
303
303
304
304
306
306
307
308
310
311
312
312
313
314
314
315
316
316
318
319
320
321
322
322
323
323
324
325
325
325
326
325
325
326
327
328
328
329
329
329
330
331
331
332
332
333
334
335
335
334
334
335
335
335
334
335
335
336
337
337
337
337
337
338
339
339
339
339
340
340
340
341
341
342
343
343
344
345
345
344
342
342
341
342
342
344
344
345
345
346
346
346
348
349
351
354
358
362
366
369
373
375
378
381
384
387
390
394
397
401
407
412
416
420
423
425
427
429
430
432
435
438
443
446
449
451
453
454
454
454
454
453
452
452
453
453
453
453
453
453
452
451
450
449
449
447
444
440
436
433
431
430
430
430
430
431
431
432
432
432
433
434
435
436
437
437
437
437
438
438
439
438
439
440
440
441
442
442
446
454
465
481
500
526
560
607
666
736
822
907
984
995
995
995
994
974
911
816
695
580
481
405
351
319
301
290
283
281
284
294
309
326
346
364
380
395
406
415
421
425
429
431
432
434
435
435
436
437
438
439
440
440
442
444
445
447
449
450
452
454
456
457
458
460
461
462
463
464
465
466
466
466
467
468
471
472
474
476
478
479
481
483
485
486
488
491
493
495
498
500
502
504
505
507
510
512
514
517
520
523
526
529
532
534
537
539
542
545
548
550
553
555
558
560
562
563
565
566
568
569
568
568
569
568
568
569
568
568
566
564
561
559
555
552
548
545
540
535
529
522
516
508
502
494
486
479
472
465
457
450
443
436
430
425
419
415
410
406
402
398
395
392
389
388
387
387
386
386
385
385
386
386
386
386
386
387
387
387
386
386
386
386
386
386
388
388
389
389
389
388
387
387
387
387
387
387
388
388
389
389
388
388
387
387
387
387
386
387
385
385
385
385
386
386
388
389
388
387
386
384
383
382
382
382
382
383
383
383
383
382
382
381
380
379
379
379
379
378
377
376
376
375
374
374
373
373
372
373
372
370
369
368
368
366
364
363
363
363
363
364
363
361
359
359
359
359
359
358
358
356
356
355
355
355
356
358
358
360
359
359
359
358
356
355
355
357
358
360
362
363
364
365
365
365
365
365
367
368
371
374
374
375
375
374
372
370
370
368
367
368
368
369
368
368
366
364
362
359
356
354
352
350
348
345
342
339
337
334
332
329
327
325
324
324
324
325
326
325
325
324
324
324
323
324
324
324
326
326
327
328
328
328
329
330
332
336
342
353
367
387
413
450
498
558
627
707
794
872
925
948
936
891
822
732
632
522
415
327
263
221
199
186
179
173
169
171
180
192
208
225
242
258
272
285
294
301
308
312
314
315
316
317
317
318
319
321
323
325
327
327
328
329
329
329
329
330
331
333
333
334
337
339
340
342
343
345
347
350
352
354
355
357
357
359
360
361
362
363
364
365
368
369
373
375
377
380
383
387
389
391
391
392
393
395
398
402
405
409
412
415
417
418
420
423
425
428
430
432
433
436
438
441
444
445
447
448
450
450
452
452
452
452
451
449
448
448
446
444
442
440
437
434
430
425
421
416
411
405
399
391
385
376
368
362
354
347
342
336
331
326
320
316
312
308
305
302
301
299
296
294
291
290
290
290
290
290
289
289
289
288
288
289
289
289
289
290
291
291
292
292
292
292
293
294
295
297
298
300
300
301
301
301
302
302
304
305
305
307
308
310
310
311
311
311
311
312
313
314
315
315
316
315
316
316
317
318
318
318
318
317
318
317
317
316
317
317
318
319
320
320
319
319
319
319
320
322
324
324
324
323
322
322
321
322
323
324
325
326
327
328
329
330
330
330
330
329
329
328
328
327
328
329
330
331
331
333
333
335
335
337
339
341
344
346
347
348
348
349
349
349
350
352
357
361
364
365
365
365
363
361
360
359
358
359
362
364
365
366
365
364
362
358
357
355
354
353
352
350
348
346
344
341
340
340
339
340
341
341
342
343
343
343
343
343
344
344
346
347
349
350
349
349
350
351
353
355
356
358
361
366
376
390
407
429
460
503
557
622
697
782
865
932
974
982
952
893
812
711
601
490
392
316
266
235
222
216
214
211
211
215
222
237
253
273
291
308
322
333
340
347
352
356
359
362
363
364
366
368
369
371
372
374
375
376
376
377
378
378
379
382
385
387
389
392
395
398
399
400
401
402
403
405
405
406
407
409
412
415
417
420
422
424
426
429
430
432
435
437
440
442
444
445
448
452
456
459
461
463
464
465
466
468
470
473
476
479
483
486
490
493
496
498
499
502
505
508
510
512
513
514
514
513
511
511
511
510
508
507
508
507
507
505
503
500
496
491
486
481
475
470
464
458
452
444
437
429
423
417
410
404
398
393
387
382
376
373
370
366
364
362
360
359
358
356
356
355
354
353
351
351
352
352
353
354
354
356
357
359
360
361
362
362
363
363
364
364
365
366
365
366
368
369
370
371
373
374
374
376
376
377
378
379
380
381
380
380
380
381
381
382
382
383
385
386
388
388
389
389
389
389
389
389
390
390
390
391
392
392
392
392
392
392
392
393
392
392
393
393
395
395
395
396
397
398
398
399
398
396
396
394
394
394
395
395
396
397
399
402
407
410
412
414
417
418
418
418
419
420
422
425
429
431
433
435
435
435
434
433
432
430
430
430
431
432
432
432
431
429
427
425
423
420
418
415
411
409
407
405
403
402
401
400
399
398
398
399
399
399
400
401
401
402
402
402
403
404
404
404
404
406
406
406
407
407
407
408
411
417
428
441
459
484
519
565
622
691
773
861
940
993
994
994
987
936
862
759
642
525
425
348
298
269
253
246
243
242
246
255
269
286
305
323
339
354
366
376
384
389
392
394
396
397
399
402
404
407
408
409
410
410
410
410
411
412
413
414
415
416
418
419
421
422
424
425
426
428
430
431
433
434
435
436
437
437
439
442
445
448
451
453
455
456
456
456
457
460
462
465
467
470
472
474
476
478
483
486
488
491
494
497
500
503
506
509
512
514
516
518
520
523
525
527
529
530
533
533
534
533
533
532
532
532
531
530
530
529
526
522
519
516
512
508
503
499
493
487
480
473
466
457
449
442
435
429
422
416
410
404
398
393
388
383
379
376
373
370
367
365
363
361
359
357
357
356
356
355
355
354
354
353
353
354
354
355
356
357
358
359
359
360
361
362
362
364
364
364
365
366
368
370
372
373
373
373
374
375
376
376
376
376
375
374
373
373
373
374
374
374
374
375
378
379
381
382
381
381
381
381
381
382
382
382
382
382
382
382
383
383
382
381
381
381
381
381
381
380
379
379
380
380
380
380
380
380
380
381
382
382
382
381
380
378
378
378
378
377
376
376
377
378
379
381
382
383
384
385
385
385
384
383
385
386
388
392
394
397
400
402
402
401
401
402
402
403
406
407
411
412
413
412
412
410
409
408
406
405
406
407
409
408
408
406
405
404
401
400
398
396
393
390
387
385
382
381
380
379
379
377
376
375
374
375
375
375
376
376
377
377
378
379
380
380
381
381
381
382
381
381
380
381
381
383
386
392
403
418
437
461
496
542
601
670
749
837
915
979
993
992
973
918
841
741
629
516
417
338
284
250
231
221
217
217
222
234
250
269
289
307
324
337
348
355
362
366
370
372
373
374
374
375
376
377
378
380
383
385
387
388
389
390
391
392
394
396
398
398
397
397
397
399
400
403
405
407
410
411
412
413
414
415
416
418
419
422
425
428
429
430
431
433
434
437
439
441
444
446
447
450
451
452
453
456
458
461
465
469
472
475
478
479
483
485
488
490
492
495
497
499
501
503
506
508
510
509
511
512
513
512
513
512
511
511
509
508
507
506
502
498
494
488
482
475
469
463
456
449
443
437
430
422
415
407
399
392
387
380
374
369
364
360
356
352
349
346
344
341
340
338
337
335
334
332
331
331
331
331
332
331
331
330
329
329
328
329
331
332
332
332
333
333
332
332
332
332
332
333
334
335
335
335
336
335
336
336
337
337
337
337
336
336
336
337
338
339
339
340
341
340
340
340
340
340
339
341
341
343
344
344
343
343
344
344
344
344
344
345
345
346
346
347
346
345
344
343
343
343
342
342
342
341
342
342
342
341
340
341
341
341
340
340
341
341
341
340
342
342
342
344
343
343
344
344
344
345
345
346
345
345
345
347
347
349
350
350
351
352
353
352
352
352
352
299
299
299
299
299
300
301
301
302
301
302
302
303
304
303
303
303
301
301
301
301
301
299
300
300
301
300
301
301
301
301
301
301
301
301
301
301
302
304
305
305
307
309
313
317
321
322
325
327
329
329
330
330
331
335
339
343
345
347
349
349
349
347
345
345
345
347
348
350
350
350
348
346
343
341
340
338
337
336
334
333
331
329
326
324
324
322
322
322
323
323
325
326
327
328
329
331
331
330
331
331
331
331
333
334
335
335
335
334
335
336
339
345
356
371
390
415
450
495
552
619
698
783
864
925
958
958
921
859
775
675
564
452
356
283
235
206
194
187
182
180
182
189
200
216
236
258
276
291
305
315
322
328
332
336
339
341
342
344
344
344
346
346
347
348
350
352
354
355
356
358
360
361
362
363
364
366
368
369
370
371
372
373
373
374
375
376
379
382
385
387
389
391
392
395
396
399
401
404
405
407
408
410
413
415
418
421
425
428
432
435
437
441
444
447
450
453
455
459
462
465
468
470
472
475
477
481
483
486
487
489
490
492
493
494
494
494
493
491
489
486
483
480
478
475
472
469
464
458
452
445
438
429
421
414
407
399
392
383
376
368
361
354
348
342
338
333
329
324
320
316
312
311
309
307
305
304
302
302
301
302
302
301
300
301
300
300
301
301
302
301
301
302
303
304
304
304
305
305
305
305
306
307
308
310
311
312
313
315
316
316
316
316
316
314
314
315
316
318
319
320
320
321
322
322
323
324
325
326
325
325
326
326
326
326
326
327
327
328
328
329
328
328
328
328
328
329
330
330
330
330
330
329
329
329
329
329
330
330
331
331
332
332
333
333
334
335
336
338
339
339
339
340
341
342
343
345
347
349
351
353
353
354
355
356
357
358
360
363
367
370
370
371
371
370
370
370
369
368
369
370
370
370
369
368
366
364
361
359
356
354
352
348
344
340
338
336
334
333
332
331
330
329
328
328
328
327
328
328
328
329
328
329
330
330
330
331
331
331
332
331
330
328
327
327
328
331
340
353
370
393
426
471
527
594
671
754
838
902
941
948
919
863
786
694
588
477
375
293
234
197
176
164
157
157
162
171
187
205
225
245
264
281
294
304
313
317
320
322
324
325
325
327
329
330
333
335
337
338
339
340
340
341
342
343
345
346
347
349
349
350
351
351
353
354
356
358
360
360
362
362
363
364
365
367
368
370
371
373
374
376
377
379
380
382
385
387
390
393
396
399
401
403
406
409
411
414
417
421
424
427
431
435
438
442
446
449
452
455
457
459
462
464
466
468
470
471
472
473
474
475
476
476
475
474
472
471
468
465
462
458
454
450
445
438
433
425
419
412
405
398
390
382
374
366
360
353
346
339
333
329
324
318
313
309
307
304
303
302
301
299
297
295
294
293
293
292
292
291
290
288
288
288
288
288
287
288
288
289
290
290
289
290
291
290
290
290
290
290
290
290
291
293
294
294
294
295
295
296
296
295
294
295
295
295
295
296
298
298
299
300
300
301
302
303
304
305
306
306
306
307
308
307
307
306
306
307
307
308
309
311
311
311
312
312
313
313
314
314
313
312
311
310
308
308
309
309
311
311
311
311
311
310
310
309
309
308
308
308
309
309
308
309
310
311
311
312
311
311
314
317
321
324
326
328
330
330
330
330
329
329
331
335
338
340
341
342
342
343
342
340
338
338
338
340
341
341
340
339
338
335
332
330
328
328
328
326
324
322
319
318
315
314
312
312
312
311
313
313
314
314
316
315
317
318
320
321
322
323
323
324
323
324
324
325
324
325
324
326
330
336
348
363
382
410
447
497
558
630
709
795
871
925
948
937
894
826
740
643
534
424
331
261
212
183
165
156
152
155
165
178
196
215
235
254
270
284
294
301
306
310
313
314
315
317
319
319
319
319
320
321
322
323
325
327
328
330
333
334
335
337
339
341
342
344
347
348
350
351
352
353
354
355
355
358
360
362
364
367
369
372
374
377
379
382
387
391
396
400
404
408
411
414
417
421
424
428
432
436
439
442
445
448
450
453
457
460
464
468
471
473
477
479
481
483
485
486
487
488
488
489
489
489
490
490
489
488
488
487
485
483
480
477
473
470
465
461
457
452
445
438
431
424
415
407
399
392
387
380
374
368
363
357
352
346
341
336
332
328
324
321
319
317
314
313
312
311
309
307
307
306
306
306
305
306
306
306
306
308
308
309
310
309
310
308
309
309
309
310
311
312
314
314
314
314
315
317
317
317
318
318
317
316
317
317
318
318
320
320
321
320
319
319
319
319
318
318
318
318
319
320
320
320
321
321
322
322
323
324
324
326
327
326
326
326
326
326
326
326
325
325
324
324
324
325
326
327
327
328
328
327
327
325
325
323
323
323
324
324
324
324
324
323
324
325
326
327
327
326
324
323
323
324
325
325
325
324
325
324
323
322
321
320
320
321
322
324
324
324
324
324
323
323
324
324
324
324
323
324
324
324
324
324
325
325
326
327
328
327
326
326
326
327
329
331
334
339
341
344
347
347
347
346
345
345
344
346
349
354
355
356
355
354
352
351
349
348
348
349
351
351
352
350
348
345
342
340
337
335
332
329
327
324
322
320
318
316
316
314
313
312
311
311
311
312
313
313
314
315
314
314
314
314
314
315
315
317
317
316
315
314
314
314
314
319
328
342
360
383
417
460
516
582
658
738
820
883
917
918
886
828
749
660
557
451
355
280
226
192
173
163
156
155
159
170
185
202
220
238
254
268
280
288
294
298
301
304
305
308
309
312
312
314
314
315
316
317
318
320
322
323
325
326
327
328
328
330
333
334
336
338
338
339
340
342
343
345
346
347
349
351
352
354
356
358
359
361
363
364
367
369
371
373
375
376
378
380
384
386
389
391
393
396
398
401
403
407
411
415
418
420
422
425
427
429
432
434
437
439
442
444
446
449
452
454
456
457
457
456
455
454
454
454
452
452
451
450
448
446
443
438
433
427
422
415
409
403
396
389
381
374
366
361
356
349
344
339
333
329
324
319
315
311
306
303
300
298
298
296
294
293
292
290
288
287
286
287
287
289
290
291
291
290
291
291
292
293
294
296
297
296
297
297
297
296
297
298
299
300
300
301
302
301
302
303
303
304
304
306
306
308
307
307
306
307
307
308
309
309
310
310
311
312
312
311
312
312
312
312
313
314
315
315
315
316
315
315
316
317
317
318
318
318
317
318
318
318
318
317
316
315
315
315
316
318
321
323
324
326
327
328
330
331
332
334
336
338
339
341
343
344
345
346
346
346
348
348
350
351
352
354
355
356
359
358
359
360
361
362
363
363
365
366
366
368
368
369
369
370
371
371
373
374
376
377
377
378
378
378
378
378
378
379
378
378
379
381
382
384
386
387
387
387
385
384
383
383
383
384
383
384
385
385
386
388
388
389
390
391
393
396
399
403
404
405
405
406
405
405
405
406
408
411
414
417
418
418
417
417
416
414
412
411
412
413
414
414
414
413
411
409
406
404
402
399
397
395
393
390
388
386
385
383
381
380
380
381
381
382
382
385
386
387
388
389
389
390
390
391
392
393
393
394
394
393
393
393
395
399
406
418
433
453
481
518
568
630
702
788
874
947
992
994
991
959
899
818
713
602
494
404
337
293
266
251
242
237
238
243
253
268
286
304
320
336
348
359
366
373
377
380
381
383
385
387
389
390
392
393
394
394
394
395
395
395
395
396
397
399
400
400
400
402
402
404
406
407
408
409
410
412
413
414
415
415
416
416
416
417
418
420
422
424
426
429
431
433
435
437
440
442
443
444
446
449
451
454
457
459
462
465
467
470
473
475
478
481
483
485
487
489
492
494
496
498
502
504
507
509
510
512
513
513
512
511
509
507
505
504
503
501
499
497
493
490
486
481
476
470
463
456
449
441
434
427
421
415
410
403
397
389
381
374
368
363
359
356
352
348
345
341
338
336
334
332
332
331
330
329
328
328
328
328
326
327
328
328
328
328
328
328
327
327
328
328
328
329
329
330
330
332
333
336
337
337
338
338
338
339
339
339
338
339
340
341
342
343
345
345
345
344
341
340
339
339
340
340
342
344
346
346
346
344
343
342
341
341
341
340
341
341
342
344
345
345
344
343
343
342
343
342
342
341
341
341
342
344
345
346
346
345
345
344
344
342
341
339
337
337
337
338
339
341
343
344
345
344
343
341
338
336
335
335
336
336
338
340
343
344
346
347
347
347
348
347
346
346
346
346
346
346
345
346
347
348
349
350
351
352
352
351
351
350
349
350
351
353
353
354
352
352
351
351
351
352
353
355
358
361
362
364
365
366
366
365
365
367
369
373
374
375
376
373
371
368
366
366
366
366
369
371
372
371
369
366
365
363
362
361
359
356
353
349
344
341
338
337
337
337
337
336
337
337
338
338
338
339
339
339
339
339
340
342
343
344
345
345
344
344
345
345
345
345
347
352
361
376
392
414
442
481
532
593
666
748
832
902
947
958
932
878
801
705
598
485
382
304
248
215
198
191
185
180
177
177
184
195
210
228
247
264
278
290
298
305
310
313
316
319
321
322
323
323
323
324
325
327
328
330
331
331
332
333
334
335
337
339
340
340
340
340
340
341
342
344
345
346
346
347
348
349
349
350
351
352
354
356
358
360
360
362
364
366
367
370
372
374
376
378
381
383
386
388
390
392
393
395
399
403
407
411
415
418
420
422
425
428
431
433
435
436
437
437
438
439
440
442
443
444
446
446
447
447
447
447
446
444
442
439
435
431
425
420
414
408
402
395
389
382
376
369
363
357
350
344
338
332
328
323
318
312
307
302
299
295
292
289
287
285
284
282
282
281
280
278
278
278
278
278
278
279
280
281
281
282
284
285
287
288
288
289
290
290
291
291
291
292
293
294
294
295
294
296
298
299
302
303
304
304
305
303
302
302
301
302
304
306
308
310
311
311
312
314
314
314
314
314
315
316
318
319
320
321
323
324
325
327
327
328
327
327
329
329
330
330
330
331
332
333
335
337
337
338
337
336
335
335
337
337
339
340
340
340
339
341
342
342
343
344
345
345
345
345
346
346
347
348
349
350
352
352
352
351
351
351
353
354
356
358
360
361
363
365
367
369
370
371
372
372
374
376
380
383
386
387
387
388
388
387
387
387
387
387
389
389
389
389
389
389
388
387
385
382
380
378
376
374
372
370
369
368
367
367
367
367
367
368
369
370
371
372
372
371
370
369
367
367
369
370
371
372
373
374
374
376
376
377
381
389
402
418
438
465
502
550
611
683
764
852
929
986
993
989
951
885
796
686
571
462
372
308
268
246
236
232
228
226
227
233
246
263
281
298
316
332
346
357
365
370
374
376
378
379
381
383
386
390
392
394
396
397
398
400
400
401
402
404
405
406
406
407
408
410
410
410
409
409
410
411
412
412
413
414
414
414
414
415
416
418
420
421
422
424
424
425
426
427
429
432
434
436
437
438
439
439
441
443
446
450
453
457
460
462
464
465
467
469
471
474
475
477
480
482
484
485
486
486
488
489
490
490
490
490
488
485
483
482
479
477
474
471
467
462
457
453
448
443
437
431
424
419
411
404
396
389
381
374
366
360
354
349
345
341
336
333
329
326
324
322
319
316
314
312
310
309
310
310
311
312
313
313
315
315
315
315
314
315
316
317
319
320
321
321
321
322
323
324
324
325
325
326
328
330
331
333
333
334
334
335
336
336
336
337
337
338
338
339
339
340
341
341
341
342
343
344
345
346
346
346
346
346
346
345
345
345
344
343
343
343
344
343
343
344
344
345
346
346
345
344
342
341
340
339
338
338
337
338
337
337
337
336
334
333
333
332
332
333
333
333
332
331
330
329
328
330
330
331
334
337
340
341
342
340
340
340
340
340
341
343
346
350
354
356
356
355
354
352
350
348
348
348
349
351
352
351
350
349
348
346
343
341
339
336
333
329
327
324
323
324
325
325
325
325
325
326
326
326
328
330
332
333
335
335
336
337
338
338
339
341
342
344
345
346
348
348
349
351
359
371
388
409
437
477
528
591
664
746
834
909
963
986
975
931
864
777
673
560
452
360
291
244
217
202
192
188
189
195
209
224
243
263
280
295
308
318
328
334
338
342
345
349
350
352
353
354
356
357
359
361
362
362
362
362
363
365
369
370
370
372
372
372
372
373
374
375
376
378
379
381
382
383
385
387
389
391
393
395
398
400
403
404
406
408
410
413
416
419
421
423
425
428
431
434
437
440
444
448
451
454
457
460
463
467
469
472
476
480
484
487
490
491
493
494
496
498
499
500
500
500
499
498
496
493
492
489
487
485
483
479
474
470
464
459
453
447
441
434
427
420
412
405
399
392
383
376
367
361
355
351
347
344
340
337
334
332
329
328
326
324
323
322
319
317
318
319
319
318
319
319
318
318
316
316
317
317
317
323
323
324
324
325
325
326
327
328
328
329
329
328
328
330
331
332
334
336
337
337
338
337
337
337
337
338
339
339
340
340
340
339
339
339
341
342
342
343
344
345
345
345
345
345
345
345
345
345
345
344
344
342
341
341
340
342
344
344
344
343
343
342
342
343
342
342
342
341
340
339
338
339
339
340
341
342
344
344
346
347
348
350
353
355
358
360
361
361
362
362
365
366
368
369
369
370
370
370
369
369
369
370
371
372
372
372
370
369
367
365
363
361
358
355
352
349
348
346
345
343
342
340
339
339
339
339
339
340
340
342
343
344
345
345
345
346
346
345
344
344
345
346
346
346
346
346
346
348
352
360
374
391
413
443
485
539
604
680
764
848
917
961
973
948
896
822
729
625
515
414
332
273
234
213
200
192
187
189
197
209
226
244
264
281
297
310
320
327
332
335
339
340
340
341
342
343
344
345
346
347
348
350
352
354
356
357
359
360
361
362
363
364
364
364
365
365
367
369
370
370
371
372
372
374
375
377
379
380
381
382
384
385
387
389
391
394
396
397
398
400
403
404
406
408
412
415
419
423
425
428
430
434
437
440
443
446
449
452
456
459
463
466
468
470
471
472
474
475
476
478
478
478
478
478
478
478
477
476
474
472
469
466
462
458
454
448
443
437
430
423
416
409
401
394
387
379
372
366
360
354
347
342
337
332
326
322
319
318
316
314
311
308
305
303
302
303
303
302
303
304
304
303
303
304
304
306
306
307
308
310
311
312
312
313
314
314
315
316
316
318
319
320
321
322
322
323
323
324
325
325
325
326
325
325
326
327
328
328
329
329
329
330
331
331
332
332
333
334
335
335
334
334
335
335
335
334
335
335
336
337
337
337
337
337
338
339
339
339
339
340
340
340
341
341
342
343
343
344
345
345
344
342
342
341
342
342
344
344
345
345
346
346
346
348
349
351
354
358
362
366
369
373
375
378
381
384
387
390
394
397
401
407
412
416
420
423
425
427
429
430
432
435
438
443
446
449
451
453
454
454
454
454
453
452
452
453
453
453
453
453
453
452
451
450
449
449
447
444
440
436
433
431
430
430
430
430
431
431
432
432
432
433
434
435
436
437
437
437
437
438
438
439
438
439
440
440
441
442
442
446
454
465
481
500
526
560
607
666
736
822
907
984
995
995
995
994
974
911
816
695
580
481
405
351
319
301
290
283
281
284
294
309
326
346
364
380
395
406
415
421
425
429
431
432
434
435
435
436
437
438
439
440
440
442
444
445
447
449
450
452
454
456
457
458
460
461
462
463
464
465
466
466
466
467
468
471
472
474
476
478
479
481
483
485
486
488
491
493
495
498
500
502
504
505
507
510
512
514
517
520
523
526
529
532
534
537
539
542
545
548
550
553
555
558
560
562
563
565
566
568
569
568
568
569
568
568
569
568
568
566
564
561
559
555
552
548
545
540
535
529
522
516
508
502
494
486
479
472
465
457
450
443
436
430
425
419
415
410
406
402
398
395
392
389
388
387
387
386
386
385
385
386
386
386
386
386
387
387
387
386
386
386
386
386
386
388
388
389
389
389
388
387
387
387
387
387
387
388
388
389
389
388
388
387
387
387
387
386
387
385
385
385
385
386
386
388
389
388
387
386
384
383
382
382
382
382
383
383
383
383
382
382
381
380
379
379
379
379
378
377
376
376
375
374
374
373
373
372
373
372
370
369
368
368
366
364
363
363
363
363
364
363
361
359
359
359
359
359
358
358
356
356
355
355
355
356
358
358
360
359
359
359
358
356
355
355
357
358
360
362
363
364
365
365
365
365
365
367
368
371
374
374
375
375
374
372
370
370
368
367
368
368
369
368
368
366
364
362
359
356
354
352
350
348
345
342
339
337
334
332
329
327
325
324
324
324
325
326
325
325
324
324
324
323
324
324
324
326
326
327
328
328
328
329
330
332
336
342
353
367
387
413
450
498
558
627
707
794
872
925
948
936
891
822
732
632
522
415
327
263
221
199
186
179
173
169
171
180
192
208
225
242
258
272
285
294
301
308
312
314
315
316
317
317
318
319
321
323
325
327
327
328
329
329
329
329
330
331
333
333
334
337
339
340
342
343
345
347
350
352
354
355
357
357
359
360
361
362
363
364
365
368
369
373
375
377
380
383
387
389
391
391
392
393
395
398
402
405
409
412
415
417
418
420
423
425
428
430
432
433
436
438
441
444
445
447
448
450
450
452
452
452
452
451
449
448
448
446
444
442
440
437
434
430
425
421
416
411
405
399
391
385
376
368
362
354
347
342
336
331
326
320
316
312
308
305
302
301
299
296
294
291
290
290
290
290
290
289
289
289
288
288
289
289
289
289
290
291
291
292
292
292
292
293
294
295
297
298
300
300
301
301
301
302
302
304
305
305
307
308
310
310
311
311
311
311
312
313
314
315
315
316
315
316
316
317
318
318
318
318
317
318
317
317
316
317
317
318
319
320
320
319
319
319
319
320
322
324
324
324
323
322
322
321
322
323
324
325
326
327
328
329
330
330
330
330
329
329
328
328
327
328
329
330
331
331
333
333
335
335
337
339
341
344
346
347
348
348
349
349
349
350
352
357
361
364
365
365
365
363
361
360
359
358
359
362
364
365
366
365
364
362
358
357
355
354
353
352
350
348
346
344
341
340
340
339
340
341
341
342
343
343
343
343
343
344
344
346
347
349
350
349
349
350
351
353
355
356
358
361
366
376
390
407
429
460
503
557
622
697
782
865
932
974
982
952
893
812
711
601
490
392
316
266
235
222
216
214
211
211
215
222
237
253
273
291
308
322
333
340
347
352
356
359
362
363
364
366
368
369
371
372
374
375
376
376
377
378
378
379
382
385
387
389
392
395
398
399
400
401
402
403
405
405
406
407
409
412
415
417
420
422
424
426
429
430
432
435
437
440
442
444
445
448
452
456
459
461
463
464
465
466
468
470
473
476
479
483
486
490
493
496
498
499
502
505
508
510
512
513
514
514
513
511
511
511
510
508
507
508
507
507
505
503
500
496
491
486
481
475
470
464
458
452
444
437
429
423
417
410
404
398
393
387
382
376
373
370
366
364
362
360
359
358
356
356
355
354
353
351
351
352
352
353
354
354
356
357
359
360
361
362
362
363
363
364
364
365
366
365
366
368
369
370
371
373
374
374
376
376
377
378
379
380
381
380
380
380
381
381
382
382
383
385
386
388
388
389
389
389
389
389
389
390
390
390
391
392
392
392
392
392
392
392
393
392
392
393
393
395
395
395
396
397
398
398
399
398
396
396
394
394
394
395
395
396
397
399
402
407
410
412
414
417
418
418
418
419
420
422
425
429
431
433
435
435
435
434
433
432
430
430
430
431
432
432
432
431
429
427
425
423
420
418
415
411
409
407
405
403
402
401
400
399
398
398
399
399
399
400
401
401
402
402
402
403
404
404
404
404
406
406
406
407
407
407
408
411
417
428
441
459
484
519
565
622
691
773
861
940
993
994
994
987
936
862
759
642
525
425
348
298
269
253
246
243
242
246
255
269
286
305
323
339
354
366
376
384
389
392
394
396
397
399
402
404
407
408
409
410
410
410
410
411
412
413
414
415
416
418
419
421
422
424
425
426
428
430
431
433
434
435
436
437
437
439
442
445
448
451
453
455
456
456
456
457
460
462
465
467
470
472
474
476
478
483
486
488
491
494
497
500
503
506
509
512
514
516
518
520
523
525
527
529
530
533
533
534
533
533
532
532
532
531
530
530
529
526
522
519
516
512
508
503
499
493
487
480
473
466
457
449
442
435
429
422
416
410
404
398
393
388
383
379
376
373
370
367
365
363
361
359
357
357
356
356
355
355
354
354
353
353
354
354
355
356
357
358
359
359
360
361
362
362
364
364
364
365
366
368
370
372
373
373
373
374
375
376
376
376
376
375
374
373
373
373
374
374
374
374
375
378
379
381
382
381
381
381
381
381
382
382
382
382
382
382
382
383
383
382
381
381
381
381
381
381
380
379
379
380
380
380
380
380
380
380
381
382
382
382
381
380
378
378
378
378
377
376
376
377
378
379
381
382
383
384
385
385
385
384
383
385
386
388
392
394
397
400
402
402
401
401
402
402
403
406
407
411
412
413
412
412
410
409
408
406
405
406
407
409
408
408
406
405
404
401
400
398
396
393
390
387
385
382
381
380
379
379
377
376
375
374
375
375
375
376
376
377
377
378
379
380
380
381
381
381
382
381
381
380
381
381
383
386
392
403
418
437
461
496
542
601
670
749
837
915
979
993
992
973
918
841
741
629
516
417
338
284
250
231
221
217
217
222
234
250
269
289
307
324
337
348
355
362
366
370
372
373
374
374
375
376
377
378
380
383
385
387
388
389
390
391
392
394
396
398
398
397
397
397
399
400
403
405
407
410
411
412
413
414
415
416
418
419
422
425
428
429
430
431
433
434
437
439
441
444
446
447
450
451
452
453
456
458
461
465
469
472
475
478
479
483
485
488
490
492
495
497
499
501
503
506
508
510
509
511
512
513
512
513
512
511
511
509
508
507
506
502
498
494
488
482
475
469
463
456
449
443
437
430
422
415
407
399
392
387
380
374
369
364
360
356
352
349
346
344
341
340
338
337
335
334
332
331
331
331
331
332
331
331
330
329
329
328
329
331
332
332
332
333
333
332
332
332
332
332
333
334
335
335
335
336
335
336
336
337
337
337
337
336
336
336
337
338
339
339
340
341
340
340
340
340
340
339
341
341
343
344
344
343
343
344
344
344
344
344
345
345
346
346
347
346
345
344
343
343
343
342
342
342
341
342
342
342
341
340
341
341
341
340
340
341
341
341
340
342
342
342
344
343
343
344
344
344
345
345
346
345
345
345
347
347
349
350
350
351
352
353
352
352
352
352
299
299
299
299
299
300
301
301
302
301
302
302
303
304
303
303
303
301
301
301
301
301
299
300
300
301
300
301
301
301
301
301
301
301
301
301
301
302
304
305
305
307
309
313
317
321
322
325
327
329
329
330
330
331
335
339
343
345
347
349
349
349
347
345
345
345
347
348
350
350
350
348
346
343
341
340
338
337
336
334
333
331
329
326
324
324
322
322
322
323
323
325
326
327
328
329
331
331
330
331
331
331
331
333
334
335
335
335
334
335
336
339
345
356
371
390
415
450
495
552
619
698
783
864
925
958
958
921
859
775
675
564
452
356
283
235
206
194
187
182
180
182
189
200
216
236
258
276
291
305
315
322
328
332
336
339
341
342
344
344
344
346
346
347
348
350
352
354
355
356
358
360
361
362
363
364
366
368
369
370
371
372
373
373
374
375
376
379
382
385
387
389
391
392
395
396
399
401
404
405
407
408
410
413
415
418
421
425
428
432
435
437
441
444
447
450
453
455
459
462
465
468
470
472
475
477
481
483
486
487
489
490
492
493
494
494
494
493
491
489
486
483
480
478
475
472
469
464
458
452
445
438
429
421
414
407
399
392
383
376
368
361
354
348
342
338
333
329
324
320
316
312
311
309
307
305
304
302
302
301
302
302
301
300
301
300
300
301
301
302
301
301
302
303
304
304
304
305
305
305
305
306
307
308
310
311
312
313
315
316
316
316
316
316
314
314
315
316
318
319
320
320
321
322
322
323
324
325
326
325
325
326
326
326
326
326
327
327
328
328
329
328
328
328
328
328
329
330
330
330
330
330
329
329
329
329
329
330
330
331
331
332
332
333
333
334
335
336
338
339
339
339
340
341
342
343
345
347
349
351
353
353
354
355
356
357
358
360
363
367
370
370
371
371
370
370
370
369
368
369
370
370
370
369
368
366
364
361
359
356
354
352
348
344
340
338
336
334
333
332
331
330
329
328
328
328
327
328
328
328
329
328
329
330
330
330
331
331
331
332
331
330
328
327
327
328
331
340
353
370
393
426
471
527
594
671
754
838
902
941
948
919
863
786
694
588
477
375
293
234
197
176
164
157
157
162
171
187
205
225
245
264
281
294
304
313
317
320
322
324
325
325
327
329
330
333
335
337
338
339
340
340
341
342
343
345
346
347
349
349
350
351
351
353
354
356
358
360
360
362
362
363
364
365
367
368
370
371
373
374
376
377
379
380
382
385
387
390
393
396
399
401
403
406
409
411
414
417
421
424
427
431
435
438
442
446
449
452
455
457
459
462
464
466
468
470
471
472
473
474
475
476
476
475
474
472
471
468
465
462
458
454
450
445
438
433
425
419
412
405
398
390
382
374
366
360
353
346
339
333
329
324
318
313
309
307
304
303
302
301
299
297
295
294
293
293
292
292
291
290
288
288
288
288
288
287
288
288
289
290
290
289
290
291
290
290
290
290
290
290
290
291
293
294
294
294
295
295
296
296
295
294
295
295
295
295
296
298
298
299
300
300
301
302
303
304
305
306
306
306
307
308
307
307
306
306
307
307
308
309
311
311
311
312
312
313
313
314
314
313
312
311
310
308
308
309
309
311
311
311
311
311
310
310
309
309
308
308
308
309
309
308
309
310
311
311
312
311
311
314
317
321
324
326
328
330
330
330
330
329
329
331
335
338
340
341
342
342
343
342
340
338
338
338
340
341
341
340
339
338
335
332
330
328
328
328
326
324
322
319
318
315
314
312
312
312
311
313
313
314
314
316
315
317
318
320
321
322
323
323
324
323
324
324
325
324
325
324
326
330
336
348
363
382
410
447
497
558
630
709
795
871
925
948
937
894
826
740
643
534
424
331
261
212
183
165
156
152
155
165
178
196
215
235
254
270
284
294
301
306
310
313
314
315
317
319
319
319
319
320
321
322
323
325
327
328
330
333
334
335
337
339
341
342
344
347
348
350
351
352
353
354
355
355
358
360
362
364
367
369
372
374
377
379
382
387
391
396
400
404
408
411
414
417
421
424
428
432
436
439
442
445
448
450
453
457
460
464
468
471
473
477
479
481
483
485
486
487
488
488
489
489
489
490
490
489
488
488
487
485
483
480
477
473
470
465
461
457
452
445
438
431
424
415
407
399
392
387
380
374
368
363
357
352
346
341
336
332
328
324
321
319
317
314
313
312
311
309
307
307
306
306
306
305
306
306
306
306
308
308
309
310
309
310
308
309
309
309
310
311
312
314
314
314
314
315
317
317
317
318
318
317
316
317
317
318
318
320
320
321
320
319
319
319
319
318
318
318
318
319
320
320
320
321
321
322
322
323
324
324
326
327
326
326
326
326
326
326
326
325
325
324
324
324
325
326
327
327
328
328
327
327
325
325
323
323
323
324
324
324
324
324
323
324
325
326
327
327
326
324
323
323
324
325
325
325
324
325
324
323
322
321
320
320
321
322
324
324
324
324
324
323
323
324
324
324
324
323
324
324
324
324
324
325
325
326
327
328
327
326
326
326
327
329
331
334
339
341
344
347
347
347
346
345
345
344
346
349
354
355
356
355
354
352
351
349
348
348
349
351
351
352
350
348
345
342
340
337
335
332
329
327
324
322
320
318
316
316
314
313
312
311
311
311
312
313
313
314
315
314
314
314
314
314
315
315
317
317
316
315
314
314
314
314
319
328
342
360
383
417
460
516
582
658
738
820
883
917
918
886
828
749
660
557
451
355
280
226
192
173
163
156
155
159
170
185
202
220
238
254
268
280
288
294
298
301
304
305
308
309
312
312
314
314
315
316
317
318
320
322
323
325
326
327
328
328
330
333
334
336
338
338
339
340
342
343
345
346
347
349
351
352
354
356
358
359
361
363
364
367
369
371
373
375
376
378
380
384
386
389
391
393
396
398
401
403
407
411
415
418
420
422
425
427
429
432
434
437
439
442
444
446
449
452
454
456
457
457
456
455
454
454
454
452
452
451
450
448
446
443
438
433
427
422
415
409
403
396
389
381
374
366
361
356
349
344
339
333
329
324
319
315
311
306
303
300
298
298
296
294
293
292
290
288
287
286
287
287
289
290
291
291
290
291
291
292
293
294
296
297
296
297
297
297
296
297
298
299
300
300
301
302
301
302
303
303
304
304
306
306
308
307
307
306
307
307
308
309
309
310
310
311
312
312
311
312
312
312
312
313
314
315
315
315
316
315
315
316
317
317
318
318
318
317
318
318
318
318
317
316
315
315
315
316
318
321
323
324
326
327
328
330
331
332
334
336
338
339
341
343
344
345
346
346
346
348
348
350
351
352
354
355
356
359
358
359
360
361
362
363
363
365
366
366
368
368
369
369
370
371
371
373
374
376
377
377
378
378
378
378
378
378
379
378
378
379
381
382
384
386
387
387
387
385
384
383
383
383
384
383
384
385
385
386
388
388
389
390
391
393
396
399
403
404
405
405
406
405
405
405
406
408
411
414
417
418
418
417
417
416
414
412
411
412
413
414
414
414
413
411
409
406
404
402
399
397
395
393
390
388
386
385
383
381
380
380
381
381
382
382
385
386
387
388
389
389
390
390
391
392
393
393
394
394
393
393
393
395
399
406
418
433
453
481
518
568
630
702
788
874
947
992
994
991
959
899
818
713
602
494
404
337
293
266
251
242
237
238
243
253
268
286
304
320
336
348
359
366
373
377
380
381
383
385
387
389
390
392
393
394
394
394
395
395
395
395
396
397
399
400
400
400
402
402
404
406
407
408
409
410
412
413
414
415
415
416
416
416
417
418
420
422
424
426
429
431
433
435
437
440
442
443
444
446
449
451
454
457
459
462
465
467
470
473
475
478
481
483
485
487
489
492
494
496
498
502
504
507
509
510
512
513
513
512
511
509
507
505
504
503
501
499
497
493
490
486
481
476
470
463
456
449
441
434
427
421
415
410
403
397
389
381
374
368
363
359
356
352
348
345
341
338
336
334
332
332
331
330
329
328
328
328
328
326
327
328
328
328
328
328
328
327
327
328
328
328
329
329
330
330
332
333
336
337
337
338
338
338
339
339
339
338
339
340
341
342
343
345
345
345
344
341
340
339
339
340
340
342
344
346
346
346
344
343
342
341
341
341
340
341
341
342
344
345
345
344
343
343
342
343
342
342
341
341
341
342
344
345
346
346
345
345
344
344
342
341
339
337
337
337
338
339
341
343
344
345
344
343
341
338
336
335
335
336
336
338
340
343
344
346
347
347
347
348
347
346
346
346
346
346
346
345
346
347
348
349
350
351
352
352
351
351
350
349
350
351
353
353
354
352
352
351
351
351
352
353
355
358
361
362
364
365
366
366
365
365
367
369
373
374
375
376
373
371
368
366
366
366
366
369
371
372
371
369
366
365
363
362
361
359
356
353
349
344
341
338
337
337
337
337
336
337
337
338
338
338
339
339
339
339
339
340
342
343
344
345
345
344
344
345
345
345
345
347
352
361
376
392
414
442
481
532
593
666
748
832
902
947
958
932
878
801
705
598
485
382
304
248
215
198
191
185
180
177
177
184
195
210
228
247
264
278
290
298
305
310
313
316
319
321
322
323
323
323
324
325
327
328
330
331
331
332
333
334
335
337
339
340
340
340
340
340
341
342
344
345
346
346
347
348
349
349
350
351
352
354
356
358
360
360
362
364
366
367
370
372
374
376
378
381
383
386
388
390
392
393
395
399
403
407
411
415
418
420
422
425
428
431
433
435
436
437
437
438
439
440
442
443
444
446
446
447
447
447
447
446
444
442
439
435
431
425
420
414
408
402
395
389
382
376
369
363
357
350
344
338
332
328
323
318
312
307
302
299
295
292
289
287
285
284
282
282
281
280
278
278
278
278
278
278
279
280
281
281
282
284
285
287
288
288
289
290
290
291
291
291
292
293
294
294
295
294
296
298
299
302
303
304
304
305
303
302
302
301
302
304
306
308
310
311
311
312
314
314
314
314
314
315
316
318
319
320
321
323
324
325
327
327
328
327
327
329
329
330
330
330
331
332
333
335
337
337
338
337
336
335
335
337
337
339
340
340
340
339
341
342
342
343
344
345
345
345
345
346
346
347
348
349
350
352
352
352
351
351
351
353
354
356
358
360
361
363
365
367
369
370
371
372
372
374
376
380
383
386
387
387
388
388
387
387
387
387
387
389
389
389
389
389
389
388
387
385
382
380
378
376
374
372
370
369
368
367
367
367
367
367
368
369
370
371
372
372
371
370
369
367
367
369
370
371
372
373
374
374
376
376
377
381
389
402
418
438
465
502
550
611
683
764
852
929
986
993
989
951
885
796
686
571
462
372
308
268
246
236
232
228
226
227
233
246
263
281
298
316
332
346
357
365
370
374
376
378
379
381
383
386
390
392
394
396
397
398
400
400
401
402
404
405
406
406
407
408
410
410
410
409
409
410
411
412
412
413
414
414
414
414
415
416
418
420
421
422
424
424
425
426
427
429
432
434
436
437
438
439
439
441
443
446
450
453
457
460
462
464
465
467
469
471
474
475
477
480
482
484
485
486
486
488
489
490
490
490
490
488
485
483
482
479
477
474
471
467
462
457
453
448
443
437
431
424
419
411
404
396
389
381
374
366
360
354
349
345
341
336
333
329
326
324
322
319
316
314
312
310
309
310
310
311
312
313
313
315
315
315
315
314
315
316
317
319
320
321
321
321
322
323
324
324
325
325
326
328
330
331
333
333
334
334
335
336
336
336
337
337
338
338
339
339
340
341
341
341
342
343
344
345
346
346
346
346
346
346
345
345
345
344
343
343
343
344
343
343
344
344
345
346
346
345
344
342
341
340
339
338
338
337
338
337
337
337
336
334
333
333
332
332
333
333
333
332
331
330
329
328
330
330
331
334
337
340
341
342
340
340
340
340
340
341
343
346
350
354
356
356
355
354
352
350
348
348
348
349
351
352
351
350
349
348
346
343
341
339
336
333
329
327
324
323
324
325
325
325
325
325
326
326
326
328
330
332
333
335
335
336
337
338
338
339
341
342
344
345
346
348
348
349
351
359
371
388
409
437
477
528
591
664
746
834
909
963
986
975
931
864
777
673
560
452
360
291
244
217
202
192
188
189
195
209
224
243
263
280
295
308
318
328
334
338
342
345
349
350
352
353
354
356
357
359
361
362
362
362
362
363
365
369
370
370
372
372
372
372
373
374
375
376
378
379
381
382
383
385
387
389
391
393
395
398
400
403
404
406
408
410
413
416
419
421
423
425
428
431
434
437
440
444
448
451
454
457
460
463
467
469
472
476
480
484
487
490
491
493
494
496
498
499
500
500
500
499
498
496
493
492
489
487
485
483
479
474
470
464
459
453
447
441
434
427
420
412
405
399
392
383
376
367
361
355
351
347
344
340
337
334
332
329
328
326
324
323
322
319
317
318
319
319
318
319
319
318
318
316
316
317
317
317
323
323
324
324
325
325
326
327
328
328
329
329
328
328
330
331
332
334
336
337
337
338
337
337
337
337
338
339
339
340
340
340
339
339
339
341
342
342
343
344
345
345
345
345
345
345
345
345
345
345
344
344
342
341
341
340
342
344
344
344
343
343
342
342
343
342
342
342
341
340
339
338
339
339
340
341
342
344
344
346
347
348
350
353
355
358
360
361
361
362
362
365
366
368
369
369
370
370
370
369
369
369
370
371
372
372
372
370
369
367
365
363
361
358
355
352
349
348
346
345
343
342
340
339
339
339
339
339
340
340
342
343
344
345
345
345
346
346
345
344
344
345
346
346
346
346
346
346
348
352
360
374
391
413
443
485
539
604
680
764
848
917
961
973
948
896
822
729
625
515
414
332
273
234
213
200
192
187
189
197
209
226
244
264
281
297
310
320
327
332
335
339
340
340
341
342
343
344
345
346
347
348
350
352
354
356
357
359
360
361
362
363
364
364
364
365
365
367
369
370
370
371
372
372
374
375
377
379
380
381
382
384
385
387
389
391
394
396
397
398
400
403
404
406
408
412
415
419
423
425
428
430
434
437
440
443
446
449
452
456
459
463
466
468
470
471
472
474
475
476
478
478
478
478
478
478
478
477
476
474
472
469
466
462
458
454
448
443
437
430
423
416
409
401
394
387
379
372
366
360
354
347
342
337
332
326
322
319
318
316
314
311
308
305
303
302
303
303
302
303
304
304
303
303
304
304
306
306
307
308
310
311
312
312
313
314
314
315
316
316
318
319
320
321
322
322
323
323
324
325
325
325
326
325
325
326
327
328
328
329
329
329
330
331
331
332
332
333
334
335
335
334
334
335
335
335
334
335
335
336
337
337
337
337
337
338
339
339
339
339
340
340
340
341
341
342
343
343
344
345
345
344
342
342
341
342
342
344
344
345
345
346
346
346
348
349
351
354
358
362
366
369
373
375
378
381
384
387
390
394
397
401
407
412
416
420
423
425
427
429
430
432
435
438
443
446
449
451
453
454
454
454
454
453
452
452
453
453
453
453
453
453
452
451
450
449
449
447
444
440
436
433
431
430
430
430
430
431
431
432
432
432
433
434
435
436
437
437
437
437
438
438
439
438
439
440
440
441
442
442
446
454
465
481
500
526
560
607
666
736
822
907
984
995
995
995
994
974
911
816
695
580
481
405
351
319
301
290
283
281
284
294
309
326
346
364
380
395
406
415
421
425
429
431
432
434
435
435
436
437
438
439
440
440
442
444
445
447
449
450
452
454
456
457
458
460
461
462
463
464
465
466
466
466
467
468
471
472
474
476
478
479
481
483
485
486
488
491
493
495
498
500
502
504
505
507
510
512
514
517
520
523
526
529
532
534
537
539
542
545
548
550
553
555
558
560
562
563
565
566
568
569
568
568
569
568
568
569
568
568
566
564
561
559
555
552
548
545
540
535
529
522
516
508
502
494
486
479
472
465
457
450
443
436
430
425
419
415
410
406
402
398
395
392
389
388
387
387
386
386
385
385
386
386
386
386
386
387
387
387
386
386
386
386
386
386
388
388
389
389
389
388
387
387
387
387
387
387
388
388
389
389
388
388
387
387
387
387
386
387
385
385
385
385
386
386
388
389
388
387
386
384
383
382
382
382
382
383
383
383
383
382
382
381
380
379
379
379
379
378
377
376
376
375
374
374
373
373
372
373
372
370
369
368
368
366
364
363
363
363
363
364
363
361
359
359
359
359
359
358
358
356
356
355
355
355
356
358
358
360
359
359
359
358
356
355
355
357
358
360
362
363
364
365
365
365
365
365
367
368
371
374
374
375
375
374
372
370
370
368
367
368
368
369
368
368
366
364
362
359
356
354
352
350
348
345
342
339
337
334
332
329
327
325
324
324
324
325
326
325
325
324
324
324
323
324
324
324
326
326
327
328
328
328
329
330
332
336
342
353
367
387
413
450
498
558
627
707
794
872
925
948
936
891
822
732
632
522
415
327
263
221
199
186
179
173
169
171
180
192
208
225
242
258
272
285
294
301
308
312
314
315
316
317
317
318
319
321
323
325
327
327
328
329
329
329
329
330
331
333
333
334
337
339
340
342
343
345
347
350
352
354
355
357
357
359
360
361
362
363
364
365
368
369
373
375
377
380
383
387
389
391
391
392
393
395
398
402
405
409
412
415
417
418
420
423
425
428
430
432
433
436
438
441
444
445
447
448
450
450
452
452
452
452
451
449
448
448
446
444
442
440
437
434
430
425
421
416
411
405
399
391
385
376
368
362
354
347
342
336
331
326
320
316
312
308
305
302
301
299
296
294
291
290
290
290
290
290
289
289
289
288
288
289
289
289
289
290
291
291
292
292
292
292
293
294
295
297
298
300
300
301
301
301
302
302
304
305
305
307
308
310
310
311
311
311
311
312
313
314
315
315
316
315
316
316
317
318
318
318
318
317
318
317
317
316
317
317
318
319
320
320
319
319
319
319
320
322
324
324
324
323
322
322
321
322
323
324
325
326
327
328
329
330
330
330
330
329
329
328
328
327
328
329
330
331
331
333
333
335
335
337
339
341
344
346
347
348
348
349
349
349
350
352
357
361
364
365
365
365
363
361
360
359
358
359
362
364
365
366
365
364
362
358
357
355
354
353
352
350
348
346
344
341
340
340
339
340
341
341
342
343
343
343
343
343
344
344
346
347
349
350
349
349
350
351
353
355
356
358
361
366
376
390
407
429
460
503
557
622
697
782
865
932
974
982
952
893
812
711
601
490
392
316
266
235
222
216
214
211
211
215
222
237
253
273
291
308
322
333
340
347
352
356
359
362
363
364
366
368
369
371
372
374
375
376
376
377
378
378
379
382
385
387
389
392
395
398
399
400
401
402
403
405
405
406
407
409
412
415
417
420
422
424
426
429
430
432
435
437
440
442
444
445
448
452
456
459
461
463
464
465
466
468
470
473
476
479
483
486
490
493
496
498
499
502
505
508
510
512
513
514
514
513
511
511
511
510
508
507
508
507
507
505
503
500
496
491
486
481
475
470
464
458
452
444
437
429
423
417
410
404
398
393
387
382
376
373
370
366
364
362
360
359
358
356
356
355
354
353
351
351
352
352
353
354
354
356
357
359
360
361
362
362
363
363
364
364
365
366
365
366
368
369
370
371
373
374
374
376
376
377
378
379
380
381
380
380
380
381
381
382
382
383
385
386
388
388
389
389
389
389
389
389
390
390
390
391
392
392
392
392
392
392
392
393
392
392
393
393
395
395
395
396
397
398
398
399
398
396
396
394
394
394
395
395
396
397
399
402
407
410
412
414
417
418
418
418
419
420
422
425
429
431
433
435
435
435
434
433
432
430
430
430
431
432
432
432
431
429
427
425
423
420
418
415
411
409
407
405
403
402
401
400
399
398
398
399
399
399
400
401
401
402
402
402
403
404
404
404
404
406
406
406
407
407
407
408
411
417
428
441
459
484
519
565
622
691
773
861
940
993
994
994
987
936
862
759
642
525
425
348
298
269
253
246
243
242
246
255
269
286
305
323
339
354
366
376
384
389
392
394
396
397
399
402
404
407
408
409
410
410
410
410
411
412
413
414
415
416
418
419
421
422
424
425
426
428
430
431
433
434
435
436
437
437
439
442
445
448
451
453
455
456
456
456
457
460
462
465
467
470
472
474
476
478
483
486
488
491
494
497
500
503
506
509
512
514
516
518
520
523
525
527
529
530
533
533
534
533
533
532
532
532
531
530
530
529
526
522
519
516
512
508
503
499
493
487
480
473
466
457
449
442
435
429
422
416
410
404
398
393
388
383
379
376
373
370
367
365
363
361
359
357
357
356
356
355
355
354
354
353
353
354
354
355
356
357
358
359
359
360
361
362
362
364
364
364
365
366
368
370
372
373
373
373
374
375
376
376
376
376
375
374
373
373
373
374
374
374
374
375
378
379
381
382
381
381
381
381
381
382
382
382
382
382
382
382
383
383
382
381
381
381
381
381
381
380
379
379
380
380
380
380
380
380
380
381
382
382
382
381
380
378
378
378
378
377
376
376
377
378
379
381
382
383
384
385
385
385
384
383
385
386
388
392
394
397
400
402
402
401
401
402
402
403
406
407
411
412
413
412
412
410
409
408
406
405
406
407
409
408
408
406
405
404
401
400
398
396
393
390
387
385
382
381
380
379
379
377
376
375
374
375
375
375
376
376
377
377
378
379
380
380
381
381
381
382
381
381
380
381
381
383
386
392
403
418
437
461
496
542
601
670
749
837
915
979
993
992
973
918
841
741
629
516
417
338
284
250
231
221
217
217
222
234
250
269
289
307
324
337
348
355
362
366
370
372
373
374
374
375
376
377
378
380
383
385
387
388
389
390
391
392
394
396
398
398
397
397
397
399
400
403
405
407
410
411
412
413
414
415
416
418
419
422
425
428
429
430
431
433
434
437
439
441
444
446
447
450
451
452
453
456
458
461
465
469
472
475
478
479
483
485
488
490
492
495
497
499
501
503
506
508
510
509
511
512
513
512
513
512
511
511
509
508
507
506
502
498
494
488
482
475
469
463
456
449
443
437
430
422
415
407
399
392
387
380
374
369
364
360
356
352
349
346
344
341
340
338
337
335
334
332
331
331
331
331
332
331
331
330
329
329
328
329
331
332
332
332
333
333
332
332
332
332
332
333
334
335
335
335
336
335
336
336
337
337
337
337
336
336
336
337
338
339
339
340
341
340
340
340
340
340
339
341
341
343
344
344
343
343
344
344
344
344
344
345
345
346
346
347
346
345
344
343
343
343
342
342
342
341
342
342
342
341
340
341
341
341
340
340
341
341
341
340
342
342
342
344
343
343
344
344
344
345
345
346
345
345
345
347
347
349
350
350
351
352
353
352
352
352
352
299
299
299
299
299
300
301
301
302
301
302
302
303
304
303
303
303
301
301
301
301
301
299
300
300
301
300
301
301
301
301
301
301
301
301
301
301
302
304
305
305
307
309
313
317
321
322
325
327
329
329
330
330
331
335
339
343
345
347
349
349
349
347
345
345
345
347
348
350
350
350
348
346
343
341
340
338
337
336
334
333
331
329
326
324
324
322
322
322
323
323
325
326
327
328
329
331
331
330
331
331
331
331
333
334
335
335
335
334
335
336
339
345
356
371
390
415
450
495
552
619
698
783
864
925
958
958
921
859
775
675
564
452
356
283
235
206
194
187
182
180
182
189
200
216
236
258
276
291
305
315
322
328
332
336
339
341
342
344
344
344
346
346
347
348
350
352
354
355
356
358
360
361
362
363
364
366
368
369
370
371
372
373
373
374
375
376
379
382
385
387
389
391
392
395
396
399
401
404
405
407
408
410
413
415
418
421
425
428
432
435
437
441
444
447
450
453
455
459
462
465
468
470
472
475
477
481
483
486
487
489
490
492
493
494
494
494
493
491
489
486
483
480
478
475
472
469
464
458
452
445
438
429
421
414
407
399
392
383
376
368
361
354
348
342
338
333
329
324
320
316
312
311
309
307
305
304
302
302
301
302
302
301
300
301
300
300
301
301
302
301
301
302
303
304
304
304
305
305
305
305
306
307
308
310
311
312
313
315
316
316
316
316
316
314
314
315
316
318
319
320
320
321
322
322
323
324
325
326
325
325
326
326
326
326
326
327
327
328
328
329
328
328
328
328
328
329
330
330
330
330
330
329
329
329
329
329
330
330
331
331
332
332
333
333
334
335
336
338
339
339
339
340
341
342
343
345
347
349
351
353
353
354
355
356
357
358
360
363
367
370
370
371
371
370
370
370
369
368
369
370
370
370
369
368
366
364
361
359
356
354
352
348
344
340
338
336
334
333
332
331
330
329
328
328
328
327
328
328
328
329
328
329
330
330
330
331
331
331
332
331
330
328
327
327
328
331
340
353
370
393
426
471
527
594
671
754
838
902
941
948
919
863
786
694
588
477
375
293
234
197
176
164
157
157
162
171
187
205
225
245
264
281
294
304
313
317
320
322
324
325
325
327
329
330
333
335
337
338
339
340
340
341
342
343
345
346
347
349
349
350
351
351
353
354
356
358
360
360
362
362
363
364
365
367
368
370
371
373
374
376
377
379
380
382
385
387
390
393
396
399
401
403
406
409
411
414
417
421
424
427
431
435
438
442
446
449
452
455
457
459
462
464
466
468
470
471
472
473
474
475
476
476
475
474
472
471
468
465
462
458
454
450
445
438
433
425
419
412
405
398
390
382
374
366
360
353
346
339
333
329
324
318
313
309
307
304
303
302
301
299
297
295
294
293
293
292
292
291
290
288
288
288
288
288
287
288
288
289
290
290
289
290
291
290
290
290
290
290
290
290
291
293
294
294
294
295
295
296
296
295
294
295
295
295
295
296
298
298
299
300
300
301
302
303
304
305
306
306
306
307
308
307
307
306
306
307
307
308
309
311
311
311
312
312
313
313
314
314
313
312
311
310
308
308
309
309
311
311
311
311
311
310
310
309
309
308
308
308
309
309
308
309
310
311
311
312
311
311
314
317
321
324
326
328
330
330
330
330
329
329
331
335
338
340
341
342
342
343
342
340
338
338
338
340
341
341
340
339
338
335
332
330
328
328
328
326
324
322
319
318
315
314
312
312
312
311
313
313
314
314
316
315
317
318
320
321
322
323
323
324
323
324
324
325
324
325
324
326
330
336
348
363
382
410
447
497
558
630
709
795
871
925
948
937
894
826
740
643
534
424
331
261
212
183
165
156
152
155
165
178
196
215
235
254
270
284
294
301
306
310
313
314
315
317
319
319
319
319
320
321
322
323
325
327
328
330
333
334
335
337
339
341
342
344
347
348
350
351
352
353
354
355
355
358
360
362
364
367
369
372
374
377
379
382
387
391
396
400
404
408
411
414
417
421
424
428
432
436
439
442
445
448
450
453
457
460
464
468
471
473
477
479
481
483
485
486
487
488
488
489
489
489
490
490
489
488
488
487
485
483
480
477
473
470
465
461
457
452
445
438
431
424
415
407
399
392
387
380
374
368
363
357
352
346
341
336
332
328
324
321
319
317
314
313
312
311
309
307
307
306
306
306
305
306
306
306
306
308
308
309
310
309
310
308
309
309
309
310
311
312
314
314
314
314
315
317
317
317
318
318
317
316
317
317
318
318
320
320
321
320
319
319
319
319
318
318
318
318
319
320
320
320
321
321
322
322
323
324
324
326
327
326
326
326
326
326
326
326
325
325
324
324
324
325
326
327
327
328
328
327
327
325
325
323
323
323
324
324
324
324
324
323
324
325
326
327
327
326
324
323
323
324
325
325
325
324
325
324
323
322
321
320
320
321
322
324
324
324
324
324
323
323
324
324
324
324
323
324
324
324
324
324
325
325
326
327
328
327
326
326
326
327
329
331
334
339
341
344
347
347
347
346
345
345
344
346
349
354
355
356
355
354
352
351
349
348
348
349
351
351
352
350
348
345
342
340
337
335
332
329
327
324
322
320
318
316
316
314
313
312
311
311
311
312
313
313
314
315
314
314
314
314
314
315
315
317
317
316
315
314
314
314
314
319
328
342
360
383
417
460
516
582
658
738
820
883
917
918
886
828
749
660
557
451
355
280
226
192
173
163
156
155
159
170
185
202
220
238
254
268
280
288
294
298
301
304
305
308
309
312
312
314
314
315
316
317
318
320
322
323
325
326
327
328
328
330
333
334
336
338
338
339
340
342
343
345
346
347
349
351
352
354
356
358
359
361
363
364
367
369
371
373
375
376
378
380
384
386
389
391
393
396
398
401
403
407
411
415
418
420
422
425
427
429
432
434
437
439
442
444
446
449
452
454
456
457
457
456
455
454
454
454
452
452
451
450
448
446
443
438
433
427
422
415
409
403
396
389
381
374
366
361
356
349
344
339
333
329
324
319
315
311
306
303
300
298
298
296
294
293
292
290
288
287
286
287
287
289
290
291
291
290
291
291
292
293
294
296
297
296
297
297
297
296
297
298
299
300
300
301
302
301
302
303
303
304
304
306
306
308
307
307
306
307
307
308
309
309
310
310
311
312
312
311
312
312
312
312
313
314
315
315
315
316
315
315
316
317
317
318
318
318
317
318
318
318
318
317
316
315
315
315
316
318
321
323
324
326
327
328
330
331
332
334
336
338
339
341
343
344
345
346
346
346
348
348
350
351
352
354
355
356
359
358
359
360
361
362
363
363
365
366
366
368
368
369
369
370
371
371
373
374
376
377
377
378
378
378
378
378
378
379
378
378
379
381
382
384
386
387
387
387
385
384
383
383
383
384
383
384
385
385
386
388
388
389
390
391
393
396
399
403
404
405
405
406
405
405
405
406
408
411
414
417
418
418
417
417
416
414
412
411
412
413
414
414
414
413
411
409
406
404
402
399
397
395
393
390
388
386
385
383
381
380
380
381
381
382
382
385
386
387
388
389
389
390
390
391
392
393
393
394
394
393
393
393
395
399
406
418
433
453
481
518
568
630
702
788
874
947
992
994
991
959
899
818
713
602
494
404
337
293
266
251
242
237
238
243
253
268
286
304
320
336
348
359
366
373
377
380
381
383
385
387
389
390
392
393
394
394
394
395
395
395
395
396
397
399
400
400
400
402
402
404
406
407
408
409
410
412
413
414
415
415
416
416
416
417
418
420
422
424
426
429
431
433
435
437
440
442
443
444
446
449
451
454
457
459
462
465
467
470
473
475
478
481
483
485
487
489
492
494
496
498
502
504
507
509
510
512
513
513
512
511
509
507
505
504
503
501
499
497
493
490
486
481
476
470
463
456
449
441
434
427
421
415
410
403
397
389
381
374
368
363
359
356
352
348
345
341
338
336
334
332
332
331
330
329
328
328
328
328
326
327
328
328
328
328
328
328
327
327
328
328
328
329
329
330
330
332
333
336
337
337
338
338
338
339
339
339
338
339
340
341
342
343
345
345
345
344
341
340
339
339
340
340
342
344
346
346
346
344
343
342
341
341
341
340
341
341
342
344
345
345
344
343
343
342
343
342
342
341
341
341
342
344
345
346
346
345
345
344
344
342
341
339
337
337
337
338
339
341
343
344
345
344
343
341
338
336
335
335
336
336
338
340
343
344
346
347
347
347
348
347
346
346
346
346
346
346
345
346
347
348
349
350
351
352
352
351
351
350
349
350
351
353
353
354
352
352
351
351
351
352
353
355
358
361
362
364
365
366
366
365
365
367
369
373
374
375
376
373
371
368
366
366
366
366
369
371
372
371
369
366
365
363
362
361
359
356
353
349
344
341
338
337
337
337
337
336
337
337
338
338
338
339
339
339
339
339
340
342
343
344
345
345
344
344
345
345
345
345
347
352
361
376
392
414
442
481
532
593
666
748
832
902
947
958
932
878
801
705
598
485
382
304
248
215
198
191
185
180
177
177
184
195
210
228
247
264
278
290
298
305
310
313
316
319
321
322
323
323
323
324
325
327
328
330
331
331
332
333
334
335
337
339
340
340
340
340
340
341
342
344
345
346
346
347
348
349
349
350
351
352
354
356
358
360
360
362
364
366
367
370
372
374
376
378
381
383
386
388
390
392
393
395
399
403
407
411
415
418
420
422
425
428
431
433
435
436
437
437
438
439
440
442
443
444
446
446
447
447
447
447
446
444
442
439
435
431
425
420
414
408
402
395
389
382
376
369
363
357
350
344
338
332
328
323
318
312
307
302
299
295
292
289
287
285
284
282
282
281
280
278
278
278
278
278
278
279
280
281
281
282
284
285
287
288
288
289
290
290
291
291
291
292
293
294
294
295
294
296
298
299
302
303
304
304
305
303
302
302
301
302
304
306
308
310
311
311
312
314
314
314
314
314
315
316
318
319
320
321
323
324
325
327
327
328
327
327
329
329
330
330
330
331
332
333
335
337
337
338
337
336
335
335
337
337
339
340
340
340
339
341
342
342
343
344
345
345
345
345
346
346
347
348
349
350
352
352
352
351
351
351
353
354
356
358
360
361
363
365
367
369
370
371
372
372
374
376
380
383
386
387
387
388
388
387
387
387
387
387
389
389
389
389
389
389
388
387
385
382
380
378
376
374
372
370
369
368
367
367
367
367
367
368
369
370
371
372
372
371
370
369
367
367
369
370
371
372
373
374
374
376
376
377
381
389
402
418
438
465
502
550
611
683
764
852
929
986
993
989
951
885
796
686
571
462
372
308
268
246
236
232
228
226
227
233
246
263
281
298
316
332
346
357
365
370
374
376
378
379
381
383
386
390
392
394
396
397
398
400
400
401
402
404
405
406
406
407
408
410
410
410
409
409
410
411
412
412
413
414
414
414
414
415
416
418
420
421
422
424
424
425
426
427
429
432
434
436
437
438
439
439
441
443
446
450
453
457
460
462
464
465
467
469
471
474
475
477
480
482
484
485
486
486
488
489
490
490
490
490
488
485
483
482
479
477
474
471
467
462
457
453
448
443
437
431
424
419
411
404
396
389
381
374
366
360
354
349
345
341
336
333
329
326
324
322
319
316
314
312
310
309
310
310
311
312
313
313
315
315
315
315
314
315
316
317
319
320
321
321
321
322
323
324
324
325
325
326
328
330
331
333
333
334
334
335
336
336
336
337
337
338
338
339
339
340
341
341
341
342
343
344
345
346
346
346
346
346
346
345
345
345
344
343
343
343
344
343
343
344
344
345
346
346
345
344
342
341
340
339
338
338
337
338
337
337
337
336
334
333
333
332
332
333
333
333
332
331
330
329
328
330
330
331
334
337
340
341
342
340
340
340
340
340
341
343
346
350
354
356
356
355
354
352
350
348
348
348
349
351
352
351
350
349
348
346
343
341
339
336
333
329
327
324
323
324
325
325
325
325
325
326
326
326
328
330
332
333
335
335
336
337
338
338
339
341
342
344
345
346
348
348
349
351
359
371
388
409
437
477
528
591
664
746
834
909
963
986
975
931
864
777
673
560
452
360
291
244
217
202
192
188
189
195
209
224
243
263
280
295
308
318
328
334
338
342
345
349
350
352
353
354
356
357
359
361
362
362
362
362
363
365
369
370
370
372
372
372
372
373
374
375
376
378
379
381
382
383
385
387
389
391
393
395
398
400
403
404
406
408
410
413
416
419
421
423
425
428
431
434
437
440
444
448
451
454
457
460
463
467
469
472
476
480
484
487
490
491
493
494
496
498
499
500
500
500
499
498
496
493
492
489
487
485
483
479
474
470
464
459
453
447
441
434
427
420
412
405
399
392
383
376
367
361
355
351
347
344
340
337
334
332
329
328
326
324
323
322
319
317
318
319
319
318
319
319
318
318
316
316
317
317
317
323
323
324
324
325
325
326
327
328
328
329
329
328
328
330
331
332
334
336
337
337
338
337
337
337
337
338
339
339
340
340
340
339
339
339
341
342
342
343
344
345
345
345
345
345
345
345
345
345
345
344
344
342
341
341
340
342
344
344
344
343
343
342
342
343
342
342
342
341
340
339
338
339
339
340
341
342
344
344
346
347
348
350
353
355
358
360
361
361
362
362
365
366
368
369
369
370
370
370
369
369
369
370
371
372
372
372
370
369
367
365
363
361
358
355
352
349
348
346
345
343
342
340
339
339
339
339
339
340
340
342
343
344
345
345
345
346
346
345
344
344
345
346
346
346
346
346
346
348
352
360
374
391
413
443
485
539
604
680
764
848
917
961
973
948
896
822
729
625
515
414
332
273
234
213
200
192
187
189
197
209
226
244
264
281
297
310
320
327
332
335
339
340
340
341
342
343
344
345
346
347
348
350
352
354
356
357
359
360
361
362
363
364
364
364
365
365
367
369
370
370
371
372
372
374
375
377
379
380
381
382
384
385
387
389
391
394
396
397
398
400
403
404
406
408
412
415
419
423
425
428
430
434
437
440
443
446
449
452
456
459
463
466
468
470
471
472
474
475
476
478
478
478
478
478
478
478
477
476
474
472
469
466
462
458
454
448
443
437
430
423
416
409
401
394
387
379
372
366
360
354
347
342
337
332
326
322
319
318
316
314
311
308
305
303
302
303
303
302
303
304
304
303
303
304
304
306
306
307
308
310
311
312
312
313
314
314
315
316
316
318
319
320
321
322
322
323
323
324
325
325
325
326
325
325
326
327
328
328
329
329
329
330
331
331
332
332
333
334
335
335
334
334
335
335
335
334
335
335
336
337
337
337
337
337
338
339
339
339
339
340
340
340
341
341
342
343
343
344
345
345
344
342
342
341
342
342
344
344
345
345
346
346
346
348
349
351
354
358
362
366
369
373
375
378
381
384
387
390
394
397
401
407
412
416
420
423
425
427
429
430
432
435
438
443
446
449
451
453
454
454
454
454
453
452
452
453
453
453
453
453
453
452
451
450
449
449
447
444
440
436
433
431
430
430
430
430
431
431
432
432
432
433
434
435
436
437
437
437
437
438
438
439
438
439
440
440
441
442
442
446
454
465
481
500
526
560
607
666
736
822
907
984
995
995
995
994
974
911
816
695
580
481
405
351
319
301
290
283
281
284
294
309
326
346
364
380
395
406
415
421
425
429
431
432
434
435
435
436
437
438
439
440
440
442
444
445
447
449
450
452
454
456
457
458
460
461
462
463
464
465
466
466
466
467
468
471
472
474
476
478
479
481
483
485
486
488
491
493
495
498
500
502
504
505
507
510
512
514
517
520
523
526
529
532
534
537
539
542
545
548
550
553
555
558
560
562
563
565
566
568
569
568
568
569
568
568
569
568
568
566
564
561
559
555
552
548
545
540
535
529
522
516
508
502
494
486
479
472
465
457
450
443
436
430
425
419
415
410
406
402
398
395
392
389
388
387
387
386
386
385
385
386
386
386
386
386
387
387
387
386
386
386
386
386
386
388
388
389
389
389
388
387
387
387
387
387
387
388
388
389
389
388
388
387
387
387
387
386
387
385
385
385
385
386
386
388
389
388
387
386
384
383
382
382
382
382
383
383
383
383
382
382
381
380
379
379
379
379
378
377
376
376
375
374
374
373
373
372
373
372
370
369
368
368
366
364
363
363
363
363
364
363
361
359
359
359
359
359
358
358
356
356
355
355
355
356
358
358
360
359
359
359
358
356
355
355
357
358
360
362
363
364
365
365
365
365
365
367
368
371
374
374
375
375
374
372
370
370
368
367
368
368
369
368
368
366
364
362
359
356
354
352
350
348
345
342
339
337
334
332
329
327
325
324
324
324
325
326
325
325
324
324
324
323
324
324
324
326
326
327
328
328
328
329
330
332
336
342
353
367
387
413
450
498
558
627
707
794
872
925
948
936
891
822
732
632
522
415
327
263
221
199
186
179
173
169
171
180
192
208
225
242
258
272
285
294
301
308
312
314
315
316
317
317
318
319
321
323
325
327
327
328
329
329
329
329
330
331
333
333
334
337
339
340
342
343
345
347
350
352
354
355
357
357
359
360
361
362
363
364
365
368
369
373
375
377
380
383
387
389
391
391
392
393
395
398
402
405
409
412
415
417
418
420
423
425
428
430
432
433
436
438
441
444
445
447
448
450
450
452
452
452
452
451
449
448
448
446
444
442
440
437
434
430
425
421
416
411
405
399
391
385
376
368
362
354
347
342
336
331
326
320
316
312
308
305
302
301
299
296
294
291
290
290
290
290
290
289
289
289
288
288
289
289
289
289
290
291
291
292
292
292
292
293
294
295
297
298
300
300
301
301
301
302
302
304
305
305
307
308
310
310
311
311
311
311
312
313
314
315
315
316
315
316
316
317
318
318
318
318
317
318
317
317
316
317
317
318
319
320
320
319
319
319
319
320
322
324
324
324
323
322
322
321
322
323
324
325
326
327
328
329
330
330
330
330
329
329
328
328
327
328
329
330
331
331
333
333
335
335
337
339
341
344
346
347
348
348
349
349
349
350
352
357
361
364
365
365
365
363
361
360
359
358
359
362
364
365
366
365
364
362
358
357
355
354
353
352
350
348
346
344
341
340
340
339
340
341
341
342
343
343
343
343
343
344
344
346
347
349
350
349
349
350
351
353
355
356
358
361
366
376
390
407
429
460
503
557
622
697
782
865
932
974
982
952
893
812
711
601
490
392
316
266
235
222
216
214
211
211
215
222
237
253
273
291
308
322
333
340
347
352
356
359
362
363
364
366
368
369
371
372
374
375
376
376
377
378
378
379
382
385
387
389
392
395
398
399
400
401
402
403
405
405
406
407
409
412
415
417
420
422
424
426
429
430
432
435
437
440
442
444
445
448
452
456
459
461
463
464
465
466
468
470
473
476
479
483
486
490
493
496
498
499
502
505
508
510
512
513
514
514
513
511
511
511
510
508
507
508
507
507
505
503
500
496
491
486
481
475
470
464
458
452
444
437
429
423
417
410
404
398
393
387
382
376
373
370
366
364
362
360
359
358
356
356
355
354
353
351
351
352
352
353
354
354
356
357
359
360
361
362
362
363
363
364
364
365
366
365
366
368
369
370
371
373
374
374
376
376
377
378
379
380
381
380
380
380
381
381
382
382
383
385
386
388
388
389
389
389
389
389
389
390
390
390
391
392
392
392
392
392
392
392
393
392
392
393
393
395
395
395
396
397
398
398
399
398
396
396
394
394
394
395
395
396
397
399
402
407
410
412
414
417
418
418
418
419
420
422
425
429
431
433
435
435
435
434
433
432
430
430
430
431
432
432
432
431
429
427
425
423
420
418
415
411
409
407
405
403
402
401
400
399
398
398
399
399
399
400
401
401
402
402
402
403
404
404
404
404
406
406
406
407
407
407
408
411
417
428
441
459
484
519
565
622
691
773
861
940
993
994
994
987
936
862
759
642
525
425
348
298
269
253
246
243
242
246
255
269
286
305
323
339
354
366
376
384
389
392
394
396
397
399
402
404
407
408
409
410
410
410
410
411
412
413
414
415
416
418
419
421
422
424
425
426
428
430
431
433
434
435
436
437
437
439
442
445
448
451
453
455
456
456
456
457
460
462
465
467
470
472
474
476
478
483
486
488
491
494
497
500
503
506
509
512
514
516
518
520
523
525
527
529
530
533
533
534
533
533
532
532
532
531
530
530
529
526
522
519
516
512
508
503
499
493
487
480
473
466
457
449
442
435
429
422
416
410
404
398
393
388
383
379
376
373
370
367
365
363
361
359
357
357
356
356
355
355
354
354
353
353
354
354
355
356
357
358
359
359
360
361
362
362
364
364
364
365
366
368
370
372
373
373
373
374
375
376
376
376
376
375
374
373
373
373
374
374
374
374
375
378
379
381
382
381
381
381
381
381
382
382
382
382
382
382
382
383
383
382
381
381
381
381
381
381
380
379
379
380
380
380
380
380
380
380
381
382
382
382
381
380
378
378
378
378
377
376
376
377
378
379
381
382
383
384
385
385
385
384
383
385
386
388
392
394
397
400
402
402
401
401
402
402
403
406
407
411
412
413
412
412
410
409
408
406
405
406
407
409
408
408
406
405
404
401
400
398
396
393
390
387
385
382
381
380
379
379
377
376
375
374
375
375
375
376
376
377
377
378
379
380
380
381
381
381
382
381
381
380
381
381
383
386
392
403
418
437
461
496
542
601
670
749
837
915
979
993
992
973
918
841
741
629
516
417
338
284
250
231
221
217
217
222
234
250
269
289
307
324
337
348
355
362
366
370
372
373
374
374
375
376
377
378
380
383
385
387
388
389
390
391
392
394
396
398
398
397
397
397
399
400
403
405
407
410
411
412
413
414
415
416
418
419
422
425
428
429
430
431
433
434
437
439
441
444
446
447
450
451
452
453
456
458
461
465
469
472
475
478
479
483
485
488
490
492
495
497
499
501
503
506
508
510
509
511
512
513
512
513
512
511
511
509
508
507
506
502
498
494
488
482
475
469
463
456
449
443
437
430
422
415
407
399
392
387
380
374
369
364
360
356
352
349
346
344
341
340
338
337
335
334
332
331
331
331
331
332
331
331
330
329
329
328
329
331
332
332
332
333
333
332
332
332
332
332
333
334
335
335
335
336
335
336
336
337
337
337
337
336
336
336
337
338
339
339
340
341
340
340
340
340
340
339
341
341
343
344
344
343
343
344
344
344
344
344
345
345
346
346
347
346
345
344
343
343
343
342
342
342
341
342
342
342
341
340
341
341
341
340
340
341
341
341
340
342
342
342
344
343
343
344
344
344
345
345
346
345
345
345
347
347
349
350
350
351
352
353
352
352
352
352